Age	SLOCAsItIs	SLOCNoCommentPrettyPrinter	SLOCStandard	isGetterSetter	ChangeDates	NewAdditions	DiffSizes	EditDistances	Buggycommiit	file
1300	3	3	3	1	0	0	0	0	0	148.json
2773	3	3	3	0	0	0	0	0	0	731.json
5167	9,11,11,11,11,11,11	7,9,9,9,9,9,9	9,11,11,11,11,11,11	0,0,0,0,0,0,0	0,1,279,660,665,3043,3080	0,3,0,0,2,4,2	0,4,0,0,4,8,4	0,55,0,0,29,135,2	0,0,0,0,0,0,1	183.json
4572	3,3,3,3,3,3,4,4,4,4,3,3,3	3,3,3,3,3,3,3,3,3,3,3,3,3	3,3,3,3,3,3,3,3,3,3,3,3,3	0,0,0,0,0,0,0,0,0,0,0,0,0	0,4,4,5,6,8,8,12,27,41,62,64,299	0,2,1,1,1,1,4,4,4,1,1,0,1	0,4,2,2,2,2,7,8,8,2,3,0,2	0,23,5,13,31,31,116,10,10,8,68,0,8	0,0,0,0,1,0,0,0,0,0,0,0,0	415.json
2585	8,8	8,8	8,8	0,0	0,1	0,2	0,4	0,38	0,0	431.json
2699	2,2	2,2	2,2	0,0	0,1	0,0	0,0	0,0	0,0	284.json
3964	3,3,3	3,3,3	3,3,3	0,0,0	0,42,42	0,0,0	0,0,0	0,0,0	0,0,0	220.json
3931	13,10,11	12,10,11	12,10,11	0,0,0	0,1,1186	0,0,11	0,3,21	0,84,120	0,0,0	307.json
4568	3,3,3,3,3,3,3,6,6,7,8,9,10	3,3,3,3,3,3,3,5,5,6,7,8,9	3,3,3,3,3,3,3,5,5,6,7,8,9	0,0,0,0,0,0,0,0,0,0,0,0,0	0,1,1,60,60,252,267,296,297,596,1441,1446,3416	0,1,1,0,1,0,0,4,1,1,1,1,1	0,2,2,0,2,0,0,5,2,1,1,1,1	0,13,13,0,5,0,0,79,5,26,41,27,99	0,0,0,0,0,0,0,0,0,0,1,1,1	530.json
5167	10,13,13,27,13,13,13,15,15,15,15,16,16,17,23,8,17,5,6,6,6,6,6,18,18,18,18,18,8,8,8,8,8,15,14	10,13,13,24,13,13,13,15,15,15,15,17,17,18,18,5,18,5,5,5,5,5,5,17,16,16,16,17,8,8,8,8,8,14,15	10,13,13,26,13,13,13,15,15,15,15,16,16,17,17,5,17,5,6,6,6,6,6,17,16,16,16,17,8,8,8,8,8,15,14	0,0,0,0,0,0,0,0,0,0,0,0,0,0,0,0,0,0,0,0,0,0,0,0,0,0,0,0,0,0,0,0,0,0,0	0,168,279,315,343,380,397,501,519,594,596,599,599,600,601,601,603,603,622,637,660,851,866,880,887,894,895,896,1402,1436,1785,2803,2806,3301,4130	0,4,0,19,5,2,0,5,1,1,1,9,1,2,7,1,13,2,5,1,0,0,0,16,1,1,1,1,4,1,4,1,1,8,6	0,5,0,24,24,4,0,8,2,2,2,17,2,3,8,17,17,16,9,2,0,0,0,20,2,2,2,2,18,2,8,2,2,9,13	0,126,0,424,424,38,0,150,31,11,49,223,10,58,189,356,262,283,30,8,0,0,0,308,51,7,27,50,258,7,103,84,13,200,118	0,1,0,0,0,0,0,1,0,0,1,0,0,0,0,1,0,0,0,0,0,0,0,0,0,0,0,0,0,0,0,0,0,0,1	526.json
4666	2,2,2,2,2,5,4,4	2,2,2,2,2,2,2,2	2,2,2,2,2,3,3,3	0,0,0,0,0,0,0,0	0,17,98,99,99,102,156,158	0,0,1,1,1,5,0,0	0,0,2,2,2,7,1,0	0,0,38,13,13,82,50,0	0,0,0,0,0,0,0,0	403.json
3131	3,3	3,3	3,3	0,0	0,1007	0,1	0,2	0,18	0,0	577.json
2037	8	8	8	0	0	0	0	0	0	44.json
3964	2,2,2	2,2,2	2,2,2	0,0,0	0,42,42	0,0,0	0,0,0	0,0,0	0,0,0	250.json
5648	3,3,3	3,3,3	3,3,3	1,1,1	0,759,1140	0,0,0	0,0,0	0,0,0	0,0,0	927.json
3952	8,8,8,8,13	8,8,8,8,13	8,8,8,8,13	0,0,0,0,0	0,30,30,1994,2729	0,0,0,1,5	0,0,0,2,5	0,0,0,81,237	0,0,0,0,1	225.json
2109	3	3	3	1	0	0	0	0	0	774.json
2591	3,3	3,3	3,3	0,0	0,467	0,1	0,2	0,2	0,0	719.json
2597	10,4,4,6,6,6,6	8,3,3,4,4,4,4	9,4,4,5,5,5,5	0,0,0,0,0,0,0	0,1,5,13,26,59,62	0,3,1,5,1,1,1	0,12,2,8,2,2,2	0,295,6,96,7,7,14	0,0,0,0,0,0,0	786.json
2620	15	12	12	0	0	0	0	0	0	359.json
2037	3	3	3	0	0	0	0	0	0	47.json
2037	17	17	17	0	0	0	0	0	0	70.json
4273	6,6,6	5,4,4	6,6,6	0,0,0	0,286,2149	0,2,1	0,4,2	0,55,59	0,0,0	564.json
3931	3	3	3	0	0	0	0	0	0	296.json
5167	3,3,3,3,3,3,3,3	3,3,3,3,3,3,3,3	3,3,3,3,3,3,3,3	0,0,0,0,0,0,0,0	0,274,279,660,693,936,974,2570	0,1,0,0,1,1,1,1	0,2,0,0,2,2,2,2	0,3,0,0,7,19,12,33	0,1,0,0,0,0,0,0	753.json
5167	7,7,7,7,11,6,6,6,6,7,7,8,16	6,6,6,6,6,5,5,5,5,5,5,7,13	7,7,7,7,8,6,6,6,6,7,7,8,13	0,0,0,0,0,0,0,0,0,0,0,0,0	0,279,397,434,599,622,658,660,888,894,2036,2422,3866	0,0,0,2,7,4,1,0,0,1,1,8,10	0,0,0,4,10,11,2,0,0,2,2,15,12	0,0,0,21,115,212,8,0,0,15,11,73,383	0,0,0,0,0,0,0,0,0,0,1,0,1	578.json
2037	4	4	4	0	0	0	0	0	0	115.json
5167	3,3,3,10,4,5,4,10,4	3,3,3,7,3,5,3,7,3	3,3,3,8,3,5,3,8,4	0,0,0,0,0,0,0,0,0	0,279,660,1002,1402,1405,1419,1509,1884	0,0,0,10,2,1,1,8,2	0,0,0,13,10,7,2,10,10	0,0,0,248,196,55,58,197,203	0,0,0,1,0,0,0,0,1	797.json
2677	3	3	3	0	0	0	0	0	0	327.json
4666	33,39,27,27,29,31,31,33,9,9,10,10	27,34,22,22,24,24,24,20,7,7,8,8	32,38,26,26,27,27,27,27,7,7,8,8	0,0,0,0,0,0,0,0,0,0,0,0	0,17,64,99,99,158,158,207,207,1873,2045,2084	0,22,19,1,27,2,5,16,3,2,2,1	0,38,50,2,52,2,10,28,30,4,3,2	0,382,861,6,157,93,223,285,913,6,99,17	0,0,0,0,0,0,0,0,0,1,0,1	381.json
2875	4	3	4	0	0	0	0	0	0	489.json
4564	3,3	3,3	3,3	0,0	0,56	0,0	0,0	0,0	0,0	131.json
6577	3,3,3	3,3,3	3,3,3	0,0,0	0,1688,2069	0,0,0	0,0,0	0,0,0	0,0,0	890.json
1280	3	3	3	0	0	0	0	0	0	185.json
5167	3,3,3,3,3	3,3,3,3,3	3,3,3,3,3	0,0,0,0,0	0,279,660,1002,1884	0,0,0,3,1	0,0,0,6,2	0,0,0,60,49	0,0,0,1,1	798.json
2875	5,6	5,6	5,6	0,0	0,130	0,6	0,11	0,48	0,0	505.json
4386	3	3	3	0	0	0	0	0	0	193.json
6559	4,4,4	4,4,4	4,4,4	0,0,0	0,1670,2051	0,0,0	0,0,0	0,0,0	0,0,0	935.json
978	3	3	3	0	0	0	0	0	0	682.json
6899	3,3,3,3,3,3,3,3,3,4,3,3,3,3,3,3,3,3,3,3,3,3,3,3,3,3,3,3,3,3,3,3,3,3,3,3,3,3,3,3,3,3,3,3,3,3,3,3,3,3,3,3,3,3,3,3,3,3,3,3,3,3,3,3,3,3,3,3,3,3,3	3,3,3,3,3,3,3,3,3,3,3,3,3,3,3,3,3,3,3,3,3,3,3,3,3,3,3,3,3,3,3,3,3,3,3,3,3,3,3,3,3,3,3,3,3,3,3,3,3,3,3,3,3,3,3,3,3,3,3,3,3,3,3,3,3,3,3,3,3,3,3	3,3,3,3,3,3,3,3,3,3,3,3,3,3,3,3,3,3,3,3,3,3,3,3,3,3,3,3,3,3,3,3,3,3,3,3,3,3,3,3,3,3,3,3,3,3,3,3,3,3,3,3,3,3,3,3,3,3,3,3,3,3,3,3,3,3,3,3,3,3,3	0,0,0,0,0,0,0,0,0,0,0,0,0,0,0,0,0,0,0,0,0,0,0,0,0,0,0,0,0,0,0,0,0,0,0,0,0,0,0,0,0,0,0,0,0,0,0,0,0,0,0,0,0,0,0,0,0,0,0,0,0,0,0,0,0,0,0,0,0,0,0	0,155,216,313,313,459,459,459,467,1731,1743,1752,1753,2005,2010,2118,2166,2233,2240,2247,2249,2275,2282,2297,2321,2335,2391,2436,2440,2495,2542,2549,2570,2577,2591,2593,2619,2620,2636,2712,2732,2877,2884,2891,2899,2905,2905,2905,2912,2928,2933,2933,2947,2979,2982,2989,3081,3115,3123,3241,3277,3514,3514,3529,3698,3735,3745,3762,3776,4223,4976	0,1,3,3,3,1,1,1,1,2,1,1,1,1,0,1,1,1,1,1,1,1,1,1,1,1,1,1,1,1,1,1,1,1,1,1,1,1,1,1,1,1,1,1,1,1,1,1,1,1,1,1,1,1,1,1,1,1,1,1,1,1,1,1,1,1,1,1,1,3,1	0,2,6,6,6,2,2,2,2,3,3,2,2,2,0,2,2,2,2,2,2,2,2,2,2,2,2,2,2,2,2,2,2,2,2,2,2,2,2,2,2,2,2,2,2,2,2,2,2,2,2,2,2,2,2,2,2,2,2,2,2,2,2,2,2,2,2,2,2,6,2	0,9,17,17,17,9,9,9,9,35,32,3,1,1,0,1,23,6,5,4,23,24,5,5,5,7,6,6,4,4,7,5,6,3,5,6,7,4,23,23,23,5,4,10,14,6,6,6,5,6,4,5,4,7,21,4,3,2,2,1,23,21,3,1,1,1,2,10,10,1,1	0,0,0,0,0,0,0,0,0,0,0,0,0,1,0,0,0,1,1,0,0,0,0,0,0,1,0,0,0,0,0,0,0,0,0,0,0,0,0,0,1,1,0,0,0,0,0,0,0,0,0,0,0,0,0,0,1,0,1,0,0,0,0,0,0,0,0,0,0,0,0	943.json
4172	8	8	8	0	0	0	0	0	0	302.json
2875	3	3	3	0	0	0	0	0	0	486.json
5167	3,3,3,3	3,3,3,3	3,3,3,3	0,0,0,0	0,279,660,3043	0,0,0,1	0,0,0,2	0,0,0,17	0,0,0,0	758.json
2046	4	4	4	0	0	0	0	0	0	81.json
2677	8	8	8	0	0	0	0	0	0	334.json
4602	3,5,3,3,3,3,3,3	3,3,3,3,3,3,3,3	3,3,3,3,3,3,3,3	1,1,1,1,0,0,0,0	0,34,71,94,143,322,322,2478	0,4,0,0,1,0,0,1	0,6,0,0,2,0,0,2	0,90,48,0,6,0,0,18	0,0,0,0,0,0,0,0	647.json
2677	8,8	8,8	8,8	0,0	0,553	0,3	0,6	0,8	0,0	331.json
5167	3,3,3,3,3,3	3,3,3,3,3,3	3,3,3,3,3,3	0,0,0,0,0,0	0,279,660,2226,3043,3139	0,0,0,1,1,1	0,0,0,2,2,2	0,0,0,14,18,2	0,0,0,0,0,0	738.json
2582	14,20,20,16,16	11,17,17,13,13	13,19,19,15,15	0,0,0,0,0	0,0,1,6,458	0,7,3,4,2	0,8,6,12,4	0,332,3,199,4	0,0,0,0,0	379.json
3952	7,7	7,7	7,7	0,0	0,16	0,1	0,2	0,13	0,0	689.json
4602	8,8,8,10,10,7,8	7,7,7,7,7,7,7	8,8,8,8,8,7,8	0,0,0,0,0,0,0	0,29,34,35,36,38,94	0,0,0,5,3,3,0	0,0,0,8,6,9,0	0,0,8,122,30,126,5	0,0,0,0,0,0,0	410.json
5167	3,3,3,3,3,3	3,3,3,3,3,3	3,3,3,3,3,3	1,1,1,1,1,1	0,279,660,2611,3043,3139	0,0,0,1,1,1	0,0,0,2,2,2	0,0,0,44,2,2	0,0,0,0,0,0	736.json
978	3	3	3	0	0	0	0	0	0	683.json
2584	10,8,8,8	7,7,7,7	10,8,8,8	0,0,0,0	0,7,13,49	0,2,1,2	0,6,2,4	0,55,7,14	0,0,0,0	788.json
2699	4,4,4,4	5,5,5,5	4,4,4,4	0,0,0,0	0,0,1,581	0,1,1,4	0,2,2,8	0,5,23,52	0,1,0,0	292.json
6575	3,3,3,3	3,3,3,3	3,3,3,3	0,1,1,1	0,2,1686,2067	0,1,0,0	0,2,0,0	0,7,0,0	0,0,0,0	940.json
2822	3,3,3	3,3,3	3,3,3	0,0,0	0,1,698	0,0,1	0,0,2	0,0,18	0,0,0	252.json
2175	7	7	7	0	0	0	0	0	0	190.json
3095	15,16,10,12,12,13,18,17,16	12,13,10,12,12,12,12,12,12	15,16,10,12,12,13,18,17,16	0,0,0,0,0,0,0,0,0	0,134,411,592,597,632,860,1120,2009	0,4,2,3,3,4,12,1,1	0,7,10,4,6,7,19,3,2	0,91,282,100,21,52,320,33,103	0,1,0,0,0,1,0,0,0	601.json
2822	5,3	5,3	5,3	0,0	0,1412	0,1	0,4	0,116	0,0	176.json
2037	17	17	17	0	0	0	0	0	0	119.json
7067	3,3,3,3,3,3	3,3,3,3,3,3	3,3,3,3,3,3	0,1,1,1,1,1	0,37,1900,2179,2560,4943	0,2,1,0,0,1	0,4,2,0,0,2	0,37,8,0,0,17	0,0,0,0,0,0	829.json
4231	5,6,6,6,5,5	3,3,3,4,4,4	4,6,6,5,5,5	0,0,0,0,0,0	0,38,174,237,246,2107	0,3,0,3,1,1	0,5,0,6,4,2	0,66,0,138,96,39	0,0,0,0,0,0	353.json
2123	4,4	4,4	4,4	0,0	0,0	0,0	0,0	0,0	0,0	99.json
2592	3,3,3,3	3,3,3,3	3,3,3,3	1,0,1,1	0,15,82,483	0,1,1,1	0,2,2,2	0,7,7,30	0,0,0,0	775.json
1300	4	3	4	0	0	0	0	0	0	147.json
2875	7,9,6,6,6	6,8,5,5,5	7,9,6,6,6	0,0,0,0,0	0,130,231,499,502	0,9,1,1,1	0,16,5,2,2	0,84,89,22,30	0,0,1,0,0	493.json
2146	6	6	6	0	0	0	0	0	0	867.json
2037	3	3	3	0	0	0	0	0	0	114.json
2875	3	3	3	0	0	0	0	0	0	520.json
6577	3,3,3	3,3,3	3,3,3	0,0,0	0,1688,2069	0,0,0	0,0,0	0,0,0	0,0,0	908.json
4602	3,3,3,3,3,3,3	3,3,3,3,3,3,3	3,3,3,3,3,3,3	1,1,1,1,1,1,1	0,34,71,94,322,322,2478	0,1,1,0,0,0,1	0,2,2,0,0,0,2	0,1,1,0,0,0,18	0,0,0,0,0,0,0	631.json
2037	3	3	3	0	0	0	0	0	0	48.json
620	3	3	3	0	0	0	0	0	0	773.json
2566	9	7	9	0	0	0	0	0	0	386.json
2875	8,9	6,7	8,9	0,0	0,130	0,9	0,17	0,86	0,0	513.json
978	11,8	11,8	11,8	0,0	0,498	0,0	0,3	0,99	0,0	591.json
4182	5,5,6,6,6,6,6,6,6,6,11	5,5,5,5,5,5,5,5,5,5,11	5,5,6,6,6,6,6,6,6,6,11	0,0,0,0,0,0,0,0,0,0,0	0,2,125,132,247,251,251,251,2058,2154,3627	0,0,3,2,1,1,1,1,1,1,9	0,0,5,4,2,2,2,2,2,2,13	0,0,13,39,6,10,10,10,50,2,148	0,0,0,0,0,0,0,0,0,0,1	309.json
1159	6	6	6	0	0	0	0	0	0	12.json
4000	18,20,14,14,15,7,7,7,8,11,7,9,18	16,16,10,10,10,5,5,5,5,6,6,7,18	18,19,14,14,14,7,7,7,8,11,7,8,18	0,0,0,0,0,0,0,0,0,0,0,0,0	0,27,28,28,28,63,69,69,286,545,560,878,3022	0,4,8,3,1,3,3,3,2,3,2,4,17	0,6,22,6,1,14,6,6,3,3,8,6,25	0,106,221,55,60,310,16,46,69,157,239,71,541	0,0,0,0,0,0,0,1,0,0,0,1,0	547.json
620	30,34	25,28	26,29	0,0	0,485	0,4	0,4	0,65	0,1	582.json
2875	3	3	3	0	0	0	0	0	0	506.json
4666	6,6,10,10,17,19,19,19,20	6,6,10,10,14,16,16,16,16	6,6,10,10,14,16,16,16,16	0,0,0,0,0,0,0,0,0	0,158,158,309,1877,1921,2542,2638,2641	0,0,8,10,12,17,7,7,1	0,0,12,20,17,32,14,14,1	0,0,108,10,183,181,14,14,82	0,0,0,0,1,0,0,0,0	135.json
3194	3	3	3	1	0	0	0	0	0	670.json
4666	3,3,4,3	3,3,3,3	3,3,3,3	0,0,0,0	0,7,158,158	0,1,1,1	0,2,1,3	0,28,49,56	0,0,0,0	450.json
620	3	3	3	0	0	0	0	0	0	184.json
5167	3,3,3,3	3,3,3,3	3,3,3,3	0,0,0,0	0,279,660,3043	0,0,0,1	0,0,0,2	0,0,0,18	0,0,0,0	790.json
2821	3,3	3,3	3,3	0,0	0,697	0,1	0,2	0,18	0,0	255.json
2019	4	3	4	0	0	0	0	0	0	834.json
4572	5,5,5,6,6,6,5,5,5,5,5,5,10	3,3,3,4,4,4,4,4,4,4,4,4,7	5,5,5,6,6,6,5,5,5,5,5,5,10	0,0,0,0,0,0,0,0,0,0,0,0,0	0,1,1,4,4,8,41,64,256,264,271,300,2526	0,1,1,4,2,2,3,0,0,2,1,1,6	0,2,2,7,4,4,5,0,0,4,2,2,7	0,12,12,60,39,21,36,0,0,40,23,23,173	0,0,1,0,0,0,0,0,0,0,0,0,0	544.json
5167	13,13,10,10,12,12,12,12,12,13,13,13,12,12,12,12	12,12,9,9,9,9,9,9,9,9,9,9,8,9,9,9	13,13,9,9,11,11,11,11,11,12,12,12,11,11,11,11	0,0,0,0,0,0,0,0,0,0,0,0,0,0,0,0	0,279,397,599,622,637,660,660,665,681,895,896,2072,2422,3193,4081	0,0,10,4,4,3,0,2,3,3,3,1,4,11,10,1	0,0,23,8,6,6,0,4,6,6,6,2,9,21,20,2	0,0,206,24,21,24,0,10,36,31,27,7,112,127,85,26	0,0,0,0,0,0,0,0,0,0,0,0,1,0,0,0	600.json
4733	3,3,3,4,3,3,3,3,3	3,3,3,3,3,3,3,3,3	3,3,3,3,3,3,3,3,3	0,0,0,0,0,0,0,0,0	0,225,225,410,453,1959,1960,2609,2705	0,0,1,1,1,1,1,1,1	0,0,2,1,3,2,2,2,2	0,0,14,38,52,8,18,22,6	0,0,0,0,0,0,0,0,0	742.json
2295	3,3	3,3	3,3	0,0	0,171	0,1	0,2	0,2	0,0	650.json
1738	21,21,21,29,32	18,18,18,25,25	19,19,19,25,28	0,0,0,0,0	0,502,509,509,955	0,1,2,10,8	0,2,4,12,13	0,12,73,642,147	0,1,1,1,0	523.json
620	3	3	3	0	0	0	0	0	0	819.json
4386	3	3	3	0	0	0	0	0	0	196.json
6577	5,5,5,6	5,5,5,6	5,5,5,6	0,0,0,0	0,1688,2069,3832	0,0,0,6	0,0,0,11	0,0,0,48	0,0,0,0	917.json
2332	3,3	3,3	3,3	1,1	0,208	0,1	0,2	0,2	0,0	640.json
620	3	3	3	0	0	0	0	0	0	812.json
5167	3,3,3,3,3,3,3,3	3,3,3,3,3,3,3,3	3,3,3,3,3,3,3,3	0,0,0,0,0,0,0,0	0,279,434,543,660,660,2393,2394	0,0,1,1,0,1,1,1	0,0,2,2,0,2,2,2	0,0,28,6,0,6,11,20	0,0,0,0,0,0,0,0	732.json
4406	5,6	5,6	5,6	0,0	0,1661	0,6	0,11	0,48	0,0	201.json
4733	6,6,8,8,8	5,5,8,8,8	6,6,8,8,8	0,0,0,0,0	0,225,1988,2609,2705	0,0,8,1,1	0,0,14,2,2	0,0,80,2,2	0,0,0,0,0	743.json
2620	3,3	3,3	3,3	0,0	0,496	0,1	0,2	0,12	0,0	391.json
6577	3,3,3	3,3,3	3,3,3	0,0,0	0,1688,2069	0,0,0	0,0,0	0,0,0	0,0,0	902.json
2582	10	8	8	0	0	0	0	0	0	396.json
2584	3	3	3	0	0	0	0	0	0	315.json
4502	3	3	3	0	0	0	0	0	0	692.json
2699	3,3,3,3,3,11	3,3,3,3,3,10	3,3,3,3,3,10	0,0,0,0,0,0	0,0,1,2,575,581	0,1,0,1,1,9	0,2,0,2,2,10	0,10,0,4,4,281	0,1,0,0,0,1	286.json
2123	3,3	3,3	3,3	0,0	0,0	0,2	0,4	0,12	0,0	101.json
2677	7,16	7,11	7,13	0,0	0,1491	0,14	0,19	0,497	0,0	345.json
4602	5,4,5,5,4	4,3,4,4,4	5,4,5,5,4	0,0,0,0,0	0,36,38,38,94	0,1,2,1,0	0,3,3,2,0	0,46,46,3,4	0,1,0,0,0	435.json
1257	8	3	3	0	0	0	0	0	0	721.json
2699	3,3,3,3	4,4,4,4	3,3,3,3	0,0,0,0	0,0,1,581	0,1,1,3	0,2,2,6	0,5,22,33	0,1,0,0	290.json
2584	20,14	16,12	16,12	0,0	0,0	0,8	0,22	0,411	0,0	423.json
2019	5	4	5	0	0	0	0	0	0	838.json
2620	9,9	8,8	9,8	0,0	0,33	0,5	0,10	0,87	0,0	385.json
2793	23,27,27,27,30,30	23,23,23,23,23,23	23,27,27,27,30,30	0,0,0,0,0,0	0,0,2,2,558,969	0,7,2,2,28,1	0,10,4,4,53,2	0,57,89,8,539,36	0,0,0,0,0,0	605.json
978	12	11	12	0	0	0	0	0	0	686.json
2046	3	4	3	0	0	0	0	0	0	210.json
2037	3	3	3	0	0	0	0	0	0	121.json
4573	8,13,7,3,3,7,8,8,9,7,8,8,9,9,9	9,9,7,3,3,7,6,6,6,6,6,6,7,7,7	8,12,7,3,3,7,6,6,6,6,6,6,8,8,7	0,0,0,0,0,0,0,0,0,0,0,0,0,0,0	0,1,2,5,6,7,9,9,42,54,63,65,65,65,1991	0,13,7,1,1,7,4,1,3,0,2,0,3,1,6	0,21,20,6,2,10,7,2,5,2,3,0,5,2,12	0,284,256,69,13,100,120,7,10,78,62,0,103,15,249	0,0,0,0,0,0,0,0,0,0,0,0,0,0,1	417.json
3964	3,3,3	2,2,2	2,2,2	0,0,0	0,42,42	0,0,0	0,0,0	0,0,0	0,0,0	279.json
5167	3,3,3,3,3	3,3,3,3,3	3,3,3,3,3	1,1,1,1,1	0,279,660,2954,3139	0,0,0,1,1	0,0,0,2,2	0,0,0,18,2	0,0,0,0,0	859.json
6577	3,3,3	3,3,3	3,3,3	0,0,0	0,1688,2069	0,0,0	0,0,0	0,0,0	0,0,0	904.json
2181	7	7	7	0	0	0	0	0	0	559.json
1922	38,62,62	28,48,48	30,51,51	0,0,0	0,510,510	0,26,2	0,28,4	0,992,42	0,0,0	154.json
3987	8,8,8	7,8,8	8,8,8	0,0,0	0,1229,1259	0,6,1	0,12,2	0,105,173	0,0,1	350.json
5167	3,3,3,3,3	3,3,3,3,3	3,3,3,3,3	1,1,1,1,1	0,279,660,2954,3139	0,0,0,1,1	0,0,0,2,2	0,0,0,18,2	0,0,0,0,0	860.json
2146	4	3	4	0	0	0	0	0	0	868.json
3972	4,4,4,4,5,3,3	3,3,3,3,3,3,3	4,4,4,4,5,3,3	0,0,0,0,0,0,0	0,41,50,55,258,778,1179	0,1,1,1,2,1,1	0,2,2,2,3,4,2	0,10,10,5,40,99,5	0,1,0,0,0,0,0	538.json
4809	3,3,3,3	3,3,3,3	3,3,3,3	0,0,0,0	0,302,649,892	0,0,1,1	0,0,2,2	0,0,6,9	0,0,0,0	159.json
1173	3	3	3	0	0	0	0	0	0	674.json
1429	3,7	3,6	3,7	1,0	0,758	0,4	0,4	0,212	0,0	831.json
5167	5,5,5,5	5,5,5,5	5,5,5,5	0,0,0,0	0,279,660,3043	0,0,0,2	0,0,0,4	0,0,0,37	0,0,0,0	182.json
5167	7,7,7,7,7,9,9,10,9,9,9,7,8,7,8	7,7,7,7,7,7,7,7,7,7,7,6,6,6,6	7,7,7,7,7,9,9,8,8,9,9,7,7,7,8	0,0,0,0,0,0,0,0,0,0,0,0,0,0,0	0,279,599,600,600,660,888,895,895,895,896,896,1195,1230,2040	0,0,3,1,1,0,0,8,0,2,3,3,1,0,3	0,0,6,2,2,0,0,15,1,4,6,8,1,1,5	0,0,35,13,13,12,0,238,63,58,13,111,58,58,50	0,0,0,0,0,0,0,0,0,0,0,0,0,0,1	535.json
978	5,5	4,4	5,5	0,0	0,585	0,1	0,2	0,3	0,0	590.json
4172	18,15,15,15,15,15,17	18,16,16,16,16,16,18	17,15,15,15,15,15,17	0,0,0,0,0,0,0	0,6,12,82,109,220,1427	0,2,1,1,1,1,17	0,7,2,2,2,2,32	0,15,9,9,6,6,210	0,1,0,0,0,0,0	303.json
3194	4,4,4,5,6,6,7	4,4,4,5,5,5,5	4,4,4,5,6,6,7	0,0,0,0,0,0,0	0,15,72,449,1071,1071,1208	0,0,3,5,6,0,4	0,0,6,9,11,0,7	0,0,26,40,194,0,55	0,0,1,0,0,0,1	110.json
3194	4,4,4,5,6,6,7	4,4,4,5,5,5,5	4,4,4,5,6,6,7	0,0,0,0,0,0,0	0,15,72,449,1071,1071,1208	0,0,3,5,6,0,4	0,0,6,9,11,0,7	0,0,26,40,194,0,55	0,0,1,0,0,0,1	107.json
1037	3	3	3	0	0	0	0	0	0	525.json
4568	3,3,3,7,3,3,3,3,3	3,3,3,7,3,3,3,3,3	3,3,3,7,3,3,3,3,3	0,0,0,0,0,0,0,0,0	0,0,1,2,4,4,60,267,2444	0,0,2,6,2,1,0,0,1	0,0,4,8,8,2,0,0,2	0,0,26,91,87,7,0,0,19	0,0,0,0,0,0,0,0,0	77.json
978	3	3	3	0	0	0	0	0	0	681.json
1086	5	4	5	0	0	0	0	0	0	607.json
2037	10	9	9	0	0	0	0	0	0	92.json
2821	4,4	4,4	4,4	0,0	0,697	0,1	0,2	0,26	0,0	161.json
4602	3,3,3,3,3	3,3,3,3,3	3,3,3,3,3	0,0,0,0,0	0,34,94,2478,2816	0,1,0,1,1	0,2,0,2,2	0,7,0,18,10	0,0,0,0,1	366.json
2295	3,3	3,3	3,3	0,0	0,171	0,1	0,2	0,1	0,0	675.json
2643	10	9	9	0	0	0	0	0	0	496.json
2037	3	3	3	0	0	0	0	0	0	67.json
3776	6,8,6,6	6,8,6,6	6,8,6,6	0,0,0,0	0,49,118,1099	0,4,2,4	0,7,6,8	0,82,82,123	0,0,0,0	336.json
2295	3,3	3,3	3,3	0,0	0,171	0,1	0,2	0,1	0,0	680.json
2582	3,3	3,3	3,3	1,1	0,458	0,1	0,2	0,2	0,0	380.json
3137	3,3,3	3,3,3	3,3,3	0,0,0	0,39,1719	0,1,1	0,2,2	0,8,26	0,1,0	238.json
978	3	3	3	0	0	0	0	0	0	685.json
4504	17,16,9,9,9,9,9,10,10	14,14,9,9,9,9,9,10,10	15,15,9,9,9,9,9,10,10	0,0,0,0,0,0,0,0,0	0,2,2,30,98,224,232,1759,2665	0,0,5,9,1,1,1,10,1	0,1,17,18,2,2,2,19,2	0,84,158,37,5,7,6,98,5	0,0,0,0,0,0,0,0,0	669.json
5167	7,6,6,6,6,6,7	7,6,6,6,6,6,7	7,6,6,6,6,6,7	0,0,0,0,0,0,0	0,1,279,660,663,1402,2422	0,1,0,0,5,4,7	0,3,0,0,10,8,13	0,23,0,0,42,19,67	0,0,0,0,0,0,0	806.json
2037	5	5	5	0	0	0	0	0	0	40.json
2875	4	3	4	0	0	0	0	0	0	473.json
5167	3,3,3,3,3,3,3	3,3,3,3,3,3,3	3,3,3,3,3,3,3	0,0,0,0,0,0,0	0,274,279,660,936,974,2570	0,1,0,0,1,1,1	0,2,0,0,2,2,2	0,3,0,0,19,12,33	0,1,0,0,0,0,0	749.json
7067	20,20,15,14,14,14,3,3,3,3	20,20,15,14,14,14,3,3,3,3	20,20,15,14,14,14,3,3,3,3	0,0,0,0,0,0,0,0,0,0	0,119,168,343,481,494,494,508,2179,2560	0,1,1,1,4,1,2,1,0,0	0,2,7,3,8,2,15,2,0,0	0,46,139,55,16,15,460,6,0,0	0,1,0,0,0,0,0,0,0,0	933.json
2035	3	3	3	0	0	0	0	0	0	216.json
2037	7	8	7	0	0	0	0	0	0	51.json
2875	8,9	7,8	7,8	0,0	0,130	0,9	0,17	0,64	0,0	467.json
5167	3,3,3,3,3,3,3	3,3,3,3,3,3,3	3,3,3,3,3,3,3	1,1,1,1,1,1,1	0,279,600,660,660,3043,3139	0,0,0,0,0,1,1	0,0,0,0,0,2,2	0,0,0,0,0,18,2	0,0,0,0,0,0,0	66.json
2679	3,3,3,3	3,3,3,3	3,3,3,3	0,0,0,0	0,555,561,561	0,1,1,1	0,2,2,2	0,2,7,24	0,0,0,1	281.json
6577	6,6,6,6,6,4	6,6,6,6,6,4	6,6,6,6,6,4	0,0,0,0,0,0	0,145,928,1688,2069,3653	0,1,1,0,0,1	0,2,2,0,0,4	0,32,6,0,0,29	0,0,0,0,0,1	921.json
2677	4	3	4	0	0	0	0	0	0	329.json
4666	3,3,3,3	4,4,4,3	3,3,3,3	0,0,0,0	0,17,158,2426	0,0,0,1	0,0,0,2	0,0,0,68	0,0,0,1	360.json
2146	3	3	3	0	0	0	0	0	0	865.json
4502	3,6,6,6	3,6,6,6	3,6,6,6	0,0,0,0	0,179,229,3075	0,4,2,1	0,5,4,2	0,151,13,44	0,0,0,0	129.json
6577	3,3,3,3	3,3,3,3	3,3,3,3	0,0,0,0	0,1688,2069,4329	0,0,0,1	0,0,0,2	0,0,0,34	0,0,0,0	905.json
2677	8	8	8	0	0	0	0	0	0	335.json
4507	3,3,3	3,3,3	3,3,3	0,0,0	0,590,3207	0,1,1	0,2,2	0,12,74	0,0,1	444.json
3972	3,3,3,3,4,3	3,3,3,3,4,3	3,3,3,3,4,3	0,0,0,0,0,0	0,6,50,50,2460,3141	0,2,0,0,2,1	0,4,0,0,3,3	0,38,0,0,53,37	0,0,0,0,0,0	264.json
4507	7,7,7	8,8,8	7,7,7	0,0,0	0,228,1951	0,0,2	0,0,4	0,0,85	0,0,0	588.json
1159	3	4	3	0	0	0	0	0	0	17.json
1922	7,7	6,6	6,6	0,0	0,1367	0,1	0,2	0,5	0,0	245.json
1300	18	13	13	0	0	0	0	0	0	145.json
3776	6,8,10,8	6,8,10,7	6,8,10,7	0,0,0,0	0,308,1031,1099	0,2,10,4	0,2,18,10	0,56,129,74	0,0,0,0	338.json
5167	3,3,3,3,4,5,5,3,3,3,3	3,3,3,3,3,4,3,3,3,3,3	3,3,3,3,3,4,3,3,3,3,3	0,0,0,0,0,0,0,0,0,0,0	0,279,660,1401,1402,1440,1448,1509,2611,3043,3139	0,0,0,1,1,1,1,1,1,1,1	0,0,0,2,1,1,2,4,2,2,2	0,0,0,5,31,31,3,66,19,2,2	0,0,0,0,0,0,0,0,0,0,0	735.json
5165	3,3,3,5,3,6,6	3,3,3,5,3,6,6	3,3,3,5,3,6,6	0,0,0,0,0,0,0	0,277,658,1325,1368,2574,3041	0,0,0,3,1,4,1	0,0,0,4,4,5,2	0,0,0,55,55,153,2	0,0,0,0,0,1,0	710.json
3122	3,3	3,3	3,3	1,1	0,998	0,1	0,2	0,18	0,0	638.json
4652	3,3,3,3,3,3	3,3,3,3,3,3	3,3,3,3,3,3	0,0,0,0,0,0	0,144,681,683,735,1710	0,0,2,1,2,2	0,0,4,2,4,4	0,0,48,3,50,48	0,0,0,0,0,0	869.json
2377	2,3,3,3,3,3	2,2,3,3,3,3	2,2,3,3,3,3	0,0,0,0,0,0	0,0,0,0,0,0	0,2,2,0,2,1	0,3,4,0,4,2	0,19,51,0,32,9	0,0,0,1,0,0	843.json
6577	7,7,7,9	7,7,7,9	7,7,7,9	0,0,0,0	0,1688,2069,3832	0,0,0,9	0,0,0,16	0,0,0,80	0,0,0,0	893.json
4573	8,13,7,3,3,7,8,8,9,7,8,8,9,9,9	9,9,7,3,3,7,6,6,6,6,6,6,7,7,7	8,12,7,3,3,7,6,6,6,6,6,6,8,8,7	0,0,0,0,0,0,0,0,0,0,0,0,0,0,0	0,1,2,5,6,7,9,9,42,54,63,65,65,65,1991	0,13,7,1,1,7,4,1,3,0,2,0,3,1,6	0,21,20,6,2,10,7,2,5,2,3,0,5,2,12	0,284,256,69,13,100,120,7,10,78,62,0,103,15,249	0,0,0,0,0,0,0,0,0,0,0,0,0,0,1	413.json
4602	6,6,7,7,8,8	5,5,5,5,6,6	6,6,7,7,8,8	0,0,0,0,0,0	0,29,34,94,1857,2478	0,1,2,0,8,1	0,2,4,0,15,2	0,12,24,0,108,2	0,0,0,0,0,0	420.json
4273	4,5,5	3,5,5	4,5,5	0,0,0	0,1528,2149	0,5,1	0,9,2	0,40,2	0,0,0	125.json
5167	11,13,11,11,3,3,3,8,3,10,10,10,10,13,13	10,12,11,11,3,3,3,8,3,10,10,10,10,13,13	11,13,11,11,3,3,3,8,3,10,10,10,10,13,13	0,0,0,0,1,1,1,0,1,0,0,0,0,0,0	0,260,274,279,371,660,761,2237,2618,2631,3043,3080,3887,4096,4547	0,3,3,0,1,0,1,6,1,7,5,1,1,4,2	0,4,8,0,10,0,2,7,7,7,10,2,2,5,4	0,69,79,0,387,0,55,91,167,270,14,2,23,91,67	0,1,1,0,1,0,0,0,0,0,0,1,1,0,0	180.json
2592	3,3,3	3,3,3	3,3,3	0,0,0	0,21,1406	0,0,1	0,0,2	0,0,50	0,0,0	150.json
782	3	3	3	0	0	0	0	0	0	524.json
2037	11	11	11	0	0	0	0	0	0	49.json
4666	2,2,2,2,2,5,4,4,7,13,15,15	2,2,2,2,2,2,2,2,5,11,14,14	2,2,2,2,2,3,3,3,6,12,14,14	0,0,0,0,0,0,0,0,0,0,0,0	0,17,98,99,99,102,156,158,394,1798,1921,2037	0,0,1,1,1,5,0,0,1,9,15,1	0,0,2,2,2,7,1,0,2,12,27,2	0,0,38,13,13,82,50,0,290,185,168,49	0,0,0,0,0,0,0,0,0,0,0,1	404.json
2821	3,3	3,3	3,3	0,0	0,697	0,1	0,2	0,17	0,0	251.json
1159	3	3	3	0	0	0	0	0	0	14.json
3987	3	2	2	0	0	0	0	0	0	554.json
1086	4	4	4	0	0	0	0	0	0	610.json
4666	3,3,4,3	3,3,3,3	3,3,3,3	0,0,0,0	0,7,158,158	0,1,1,1	0,2,1,3	0,28,49,56	0,0,0,0	447.json
620	15	16	14	0	0	0	0	0	0	814.json
620	11	5	5	0	0	0	0	0	0	793.json
3964	12,8,8,8,17	8,8,8,8,16	8,8,8,8,16	0,0,0,0,0	0,12,42,42,2600	0,0,0,0,10	0,4,0,0,11	0,196,0,0,470	0,0,0,0,1	277.json
3964	3,3,3	3,3,3	3,3,3	0,0,0	0,42,42	0,0,0	0,0,0	0,0,0	0,0,0	234.json
2677	8	8	8	0	0	0	0	0	0	344.json
2592	3,3,3	3,3,3	3,3,3	0,0,0	0,82,483	0,1,1	0,2,2	0,7,8	0,0,0	777.json
2123	3,3	3,3	3,3	0,0	0,0	0,0	0,0	0,0	0,0	102.json
2733	3	3	3	0	0	0	0	0	0	428.json
4573	11,7,9,10,12,9,10,12,12,21,13,13,23,23,25,24,22,22,22,22,20,20,20,21,21,21,21,21,21,22	11,7,7,8,7,7,8,8,8,20,9,9,21,21,22,21,21,21,21,21,20,20,20,21,21,21,21,21,21,22	10,7,7,8,7,7,8,8,8,19,9,9,20,20,21,20,20,20,20,20,19,19,19,20,20,20,20,20,20,21	0,0,0,0,0,0,0,0,0,0,0,0,0,0,0,0,0,0,0,0,0,0,0,0,0,0,0,0,0,0	0,1,2,2,5,5,6,6,7,7,9,9,9,28,42,54,63,65,65,257,265,272,300,601,642,720,807,841,2622,4127	0,6,5,7,9,5,1,6,2,14,8,2,15,2,5,0,0,0,1,0,2,0,7,1,1,1,1,1,2,1	0,16,8,13,16,13,1,10,4,19,24,4,20,4,8,1,2,0,2,0,6,0,14,1,2,2,2,2,4,1	0,174,79,88,182,190,41,98,37,268,332,21,260,10,84,41,73,0,7,0,80,0,93,56,10,14,7,7,219,55	0,0,0,1,0,0,0,0,0,1,0,0,0,0,0,0,0,0,0,0,0,0,0,0,1,0,0,0,1,1	541.json
3937	3,7,6,6,6	3,7,6,6,6	3,7,6,6,6	0,0,0,0,0	0,1144,1146,1702,2113	0,4,1,6,1	0,4,3,12,2	0,198,126,44,42	0,0,0,0,0	604.json
4386	3	3	3	0	0	0	0	0	0	194.json
2851	11,11,11,11	9,9,9,9	9,9,9,9	0,0,0,0	0,1,3,4	0,2,3,1	0,4,6,2	0,22,22,15	0,0,0,0	354.json
5167	4,4,3,3,4	4,4,3,3,4	4,4,3,3,4	0,0,0,0,0	0,279,603,660,2721	0,0,1,0,2	0,0,3,0,3	0,0,58,0,103	0,0,0,0,0	748.json
1159	9	8	8	0	0	0	0	0	0	24.json
4649	13,13,13,13,15,19,22,18,18,18,31	14,14,14,14,14,19,23,19,19,19,29	12,12,12,12,12,17,20,16,16,16,27	0,0,0,0,0,0,0,0,0,0,0	0,47,82,85,141,245,2004,2005,2005,2005,2009	0,2,1,1,2,7,6,1,1,1,17	0,4,2,2,2,8,9,6,2,2,21	0,26,11,11,74,191,303,110,31,42,484	0,0,0,0,0,0,1,1,0,0,0	400.json
2875	4	3	4	0	0	0	0	0	0	477.json
5167	20,23,23,24,23,24,19,19,19,20,20,20,20,20,6,6,6	15,17,17,17,17,17,14,14,14,14,14,14,14,14,5,6,6	20,23,23,24,23,23,19,19,19,20,20,20,20,20,6,6,6	0,0,0,0,0,0,0,0,0,0,0,0,0,0,0,0,0	0,132,279,315,343,397,599,600,600,637,660,887,887,895,896,2422,3043	0,3,0,7,6,2,17,1,1,2,0,0,0,1,1,6,2	0,3,0,13,13,3,39,2,2,3,0,0,0,2,16,11,4	0,175,0,180,180,22,239,13,13,6,0,0,0,15,631,54,4	0,0,0,0,0,0,0,0,0,0,0,0,0,0,0,0,0	635.json
2875	3	3	3	0	0	0	0	0	0	497.json
2377	13,10,12,12,12,12	11,10,12,12,12,12	12,10,12,12,12,12	0,0,0,0,0,0	0,0,0,0,0,45	0,1,3,4,3,1	0,4,4,8,6,2	0,108,107,62,33,3	0,0,0,0,0,1	318.json
2703	3	3	3	0	0	0	0	0	0	206.json
2585	5	3	5	0	0	0	0	0	0	430.json
2875	3,3	3,3	3,3	0,0	0,231	0,2	0,4	0,46	0,0	469.json
5167	11,11,11,11,3,3,12,15,15	10,10,10,10,3,3,11,15,15	11,11,11,11,3,3,12,15,15	0,0,0,0,0,0,0,0,0	0,279,397,660,660,693,781,2422,3381	0,0,0,0,1,1,10,15,1	0,0,0,0,10,2,11,27,2	0,0,0,0,287,6,301,146,10	0,0,0,0,0,0,0,0,1	31.json
5167	22,23,23,23,23,23,23,23,27,27,25,26	20,21,21,21,21,21,21,21,25,25,24,24	21,22,22,22,22,22,22,22,25,25,24,25	0,0,0,0,0,0,0,0,0,0,0,0	0,133,279,397,545,660,1002,1007,1104,1230,1231,2602	0,2,0,0,2,0,1,1,7,1,1,2	0,3,0,0,4,0,2,2,10,2,4,3	0,67,0,0,42,0,7,26,224,6,170,302	0,0,0,0,0,0,0,0,0,0,0,0	60.json
1173	3	3	3	0	0	0	0	0	0	643.json
5167	5,5,9,9,9,9,9,9,9,8,9,9,9	5,5,8,8,8,8,8,8,8,7,8,8,8	5,5,8,8,8,8,8,8,8,7,8,8,8	0,0,0,0,0,0,0,0,0,0,0,0,0	0,279,397,599,600,600,637,660,888,895,2422,2442,3381	0,0,4,6,1,1,1,0,0,5,8,8,1	0,0,4,12,2,2,2,0,0,11,15,15,2	0,0,152,75,13,13,10,0,0,121,64,0,10	0,0,0,0,0,0,0,0,0,0,0,1,1	537.json
1086	3	3	3	0	0	0	0	0	0	73.json
3194	5,5,5,5,7,8,8,8	4,4,4,4,4,6,6,6	5,5,5,5,6,7,7,7	0,0,0,0,0,0,0,0	0,0,0,15,72,449,1070,1071	0,1,2,0,5,8,2,0	0,2,4,0,8,15,4,0	0,2,10,0,108,66,6,0	0,0,0,0,1,0,0,0	96.json
5167	7,7,7,7,7,9,9,10,9,9,9,4,4	7,7,7,7,7,7,7,7,7,7,7,4,4	7,7,7,7,7,9,9,8,8,9,9,4,4	0,0,0,0,0,0,0,0,0,0,0,0,0	0,279,599,600,600,660,888,895,895,895,896,896,1195	0,0,3,1,1,0,0,8,0,2,3,3,1	0,0,6,2,2,0,0,15,1,4,6,11,2	0,0,35,13,13,12,0,238,63,58,13,258,5	0,0,0,0,0,0,0,0,0,0,0,0,0	533.json
4796	12,12,12,22,17,15,15	11,11,11,17,12,12,12	12,12,12,22,17,15,15	0,0,0,0,0,0,0	0,289,294,322,390,2309,2672	0,0,2,16,12,2,1	0,0,4,22,29,6,2	0,0,58,254,245,236,2	0,0,0,0,0,0,0	191.json
2822	6,6,3,3,3	6,6,3,3,3	6,6,3,3,3	0,0,0,0,0	0,0,0,1,1	0,2,1,1,1	0,4,5,2,2	0,15,69,12,29	0,0,0,0,0	253.json
4564	4,4,6,6,5,6,6,6	4,4,5,5,4,6,6,6	4,4,6,6,5,6,6,6	0,0,0,0,0,0,0,0	0,56,116,263,285,1819,2440,3478	0,0,3,0,1,6,3,1	0,0,4,0,3,11,6,2	0,0,106,0,58,48,6,21	0,0,0,0,0,0,0,0	75.json
4502	2,2,3,4,5,6,6,6	2,2,3,4,5,6,6,6	2,2,3,4,5,6,6,6	0,0,0,0,0,0,0,0	0,223,230,230,1308,2125,2234,2321	0,0,1,2,1,1,1,1	0,0,1,3,1,1,2,2	0,0,33,101,30,66,54,54	0,0,0,0,0,0,0,0	558.json
2584	11,11,11,11	9,9,9,9	9,9,9,9	0,0,0,0	0,7,13,49	0,1,2,2	0,2,4,4	0,13,11,14	0,0,0,0	787.json
3131	6,9	6,9	6,9	0,0	0,1763	0,3	0,3	0,169	0,0	274.json
6559	3,3,3	3,3,3	3,3,3	0,0,0	0,1670,2051	0,0,0	0,0,0	0,0,0	0,0,0	937.json
2377	2,3,3,3,3,4	2,2,3,3,3,3	2,2,3,3,3,3	0,0,0,0,0,0	0,0,0,0,0,0	0,2,2,0,2,2	0,3,4,0,4,3	0,19,51,0,32,23	0,0,0,1,0,0	842.json
4666	3,3,3,3,5,4	3,3,3,3,3,3	3,3,3,3,5,4	0,0,0,0,0,0	0,17,64,158,2078,2081	0,0,2,0,3,1	0,0,4,0,4,3	0,0,32,0,108,55	0,0,0,0,0,0	429.json
6503	3,3,3,3	3,3,3,3	3,3,3,3	0,0,0,0	0,1614,1995,4268	0,0,0,1	0,0,0,2	0,0,0,17	0,0,0,0	941.json
5167	7,6,6,6,6,6,7	7,6,6,6,6,6,7	7,6,6,6,6,6,7	0,0,0,0,0,0,0	0,1,279,660,663,1402,2422	0,1,0,0,5,4,7	0,3,0,0,10,8,13	0,23,0,0,42,19,67	0,0,0,0,0,0,0	799.json
4406	15,15,16	9,9,10	14,14,15	0,0,0	0,20,1661	0,4,15	0,8,29	0,28,178	0,0,0	192.json
7067	1,13,13,13,13,13,13,13,13	2,13,13,13,13,13,13,13,13	1,13,13,13,13,13,13,13,13	0,0,0,0,0,0,0,0,0	0,1900,1902,2179,2560,3004,3319,3409,4943	0,13,1,0,0,1,1,1,4	0,25,2,0,0,2,2,2,8	0,320,5,0,0,10,10,10,119	0,0,1,0,0,0,0,0,0	757.json
4090	3	3	3	0	0	0	0	0	0	765.json
2620	14,14,14	10,10,10	12,12,12	0,0,0	0,6,496	0,2,1	0,4,2	0,44,4	0,0,0	373.json
2087	3	3	3	0	0	0	0	0	0	229.json
4187	3,5,5,5,5,5,5,5	3,5,5,5,5,5,5,5	3,5,5,5,5,5,5,5	0,0,0,0,0,0,0,0	0,0,7,123,235,251,438,529	0,3,0,1,1,1,1,1	0,4,0,2,2,2,2,2	0,81,0,6,6,6,10,10	0,0,0,0,0,0,0,0	305.json
5167	8,8,7,7,7,10,13,13,16	7,7,7,7,7,9,12,12,15	7,7,7,7,7,10,13,13,16	0,0,0,0,0,0,0,0,0	0,279,377,660,665,897,2422,3740,3780	0,0,0,0,0,3,13,1,3	0,0,1,0,0,3,23,2,3	0,0,20,0,0,158,132,9,105	0,0,0,0,0,0,0,0,1	127.json
4662	11,11,11,11,11	10,10,10,10,10	10,10,10,10,10	0,0,0,0,0	0,6,154,276,1670	0,0,0,0,1	0,0,0,0,2	0,0,0,0,13	0,0,0,0,0	170.json
5167	3,3,3	3,3,3	3,3,3	0,0,0	0,279,660	0,0,0	0,0,0	0,0,0	0,0,0	740.json
5167	3,3,3,3,3	3,3,3,3,3	3,3,3,3,3	0,0,0,0,0	0,279,660,1002,1884	0,0,0,3,1	0,0,0,6,2	0,0,0,60,49	0,0,0,1,1	802.json
3194	4,4,4,5,6,6,7	4,4,4,5,5,5,5	4,4,4,5,6,6,7	0,0,0,0,0,0,0	0,15,72,449,1071,1071,1208	0,0,3,5,6,0,4	0,0,6,9,11,0,7	0,0,26,40,194,0,55	0,0,1,0,0,0,1	109.json
2592	12,12,12,10,10,9,9	12,12,12,10,10,9,9	12,12,12,10,10,9,9	0,0,0,0,0,0,0	0,14,21,26,54,82,82	0,1,1,1,1,0,0	0,2,2,4,2,1,0	0,12,4,138,68,70,0	0,0,0,0,0,0,0	780.json
4160	32,35,32,32,28,30,34,4	23,26,23,23,23,25,25,3	25,28,25,25,25,27,28,4	0,0,0,0,0,0,0,0	0,138,162,166,243,1415,2010,2238	0,4,1,2,2,27,5,1	0,5,5,4,4,52,6,32	0,115,141,16,186,365,321,1190	0,1,0,0,0,0,0,1	153.json
2699	3,3,3,3,3,3,4	4,4,3,3,3,3,4	3,3,3,3,3,3,4	0,0,0,0,0,0,0	0,0,1,2,20,575,581	0,1,1,1,1,1,2	0,2,2,2,2,2,3	0,5,43,3,7,3,29	0,1,0,0,0,0,0	287.json
1222	3	3	3	0	0	0	0	0	0	440.json
5167	6,6,6,6,11	6,6,6,6,6	6,6,6,6,6	0,0,0,0,0	0,279,660,663,4547	0,0,0,3,8	0,0,0,6,11	0,1,0,24,308	0,0,0,0,0	791.json
4602	5,5,5,5,5,7,7,8,9,9,9,8,9	3,3,3,3,3,5,5,6,7,6,6,6,6	5,5,5,5,5,7,7,8,9,9,9,8,9	0,0,0,0,0,0,0,0,0,0,0,0,0	0,34,35,35,38,38,38,62,92,94,115,330,2406	0,2,3,4,2,3,2,2,7,6,2,1,1	0,4,6,8,4,4,4,3,13,12,4,2,2	0,10,36,71,47,186,51,80,81,115,22,9,97	0,0,0,0,0,0,1,0,0,0,0,0,1	365.json
2789	4,5	4,5	4,5	0,0	0,44	0,5	0,9	0,39	0,0	855.json
2703	3	3	3	0	0	0	0	0	0	205.json
2037	3	3	3	0	0	0	0	0	0	46.json
5167	3,3,3,3,3	3,3,3,3,3	3,3,3,3,3	1,1,1,1,1	0,279,397,660,1007	0,0,0,0,1	0,0,0,0,2	0,0,0,0,5	0,0,0,0,0	59.json
5167	3,3,3,3,3,3,3	3,3,3,3,3,3,3	3,3,3,3,3,3,3	0,0,0,0,0,0,0	0,279,649,660,665,693,781	0,0,1,0,1,1,1	0,0,2,0,2,2,2	0,0,14,0,15,5,17	0,0,0,0,0,0,0	702.json
2875	4	3	4	0	0	0	0	0	0	514.json
2402	3	3	3	0	0	0	0	0	0	5.json
3964	3,3,3,9,12	3,3,3,9,12	3,3,3,9,12	0,0,0,0,0	0,42,42,2741,2741	0,0,0,7,3	0,0,0,8,3	0,0,0,237,107	0,0,0,1,0	221.json
2875	3,3,3	3,3,3	3,3,3	0,0,0	0,231,231	0,2,2	0,4,4	0,42,4	0,1,0	471.json
2591	4	3	4	0	0	0	0	0	0	697.json
4506	3,3,3,3	3,3,3,3	3,3,3,3	0,0,0,0	0,226,226,2382	0,0,0,1	0,0,0,2	0,0,0,18	0,0,0,0	645.json
3964	4,4,4	4,4,4	4,4,4	0,0,0	0,42,42	0,0,0	0,0,0	0,0,0	0,0,0	248.json
5167	3,3,3,3,3,4,5,3,3,8,8,10,10,10,9,9	3,3,3,3,3,3,3,3,3,7,7,9,9,9,9,9	3,3,3,3,3,3,3,3,3,7,8,10,10,10,9,9	0,0,0,0,0,0,0,0,0,0,0,0,0,0,0,0	0,274,279,660,665,665,693,693,761,894,896,936,974,1173,3259,3887	0,1,0,0,1,2,2,1,1,6,2,4,2,1,1,1	0,2,0,0,2,3,3,4,2,7,4,6,4,2,3,2	0,3,0,0,16,87,20,100,24,123,89,121,23,4,160,4	0,1,0,0,0,0,0,0,0,0,0,0,0,0,1,1	764.json
1922	4	4	4	0	0	0	0	0	0	232.json
620	11	6	6	0	0	0	0	0	0	818.json
6573	3,3,3,3	3,3,3,3	3,3,3,3	0,0,0,0	0,0,1684,2065	0,1,0,0	0,2,0,0	0,7,0,0	0,0,0,0	939.json
5167	20,23,23,24,23,24,19,19,19,20,20,20,20,20,17,12,15,15,12,12	15,17,17,17,17,17,14,14,14,14,14,14,14,14,12,12,15,15,12,12	20,23,23,24,23,23,19,19,19,20,20,20,20,20,17,12,15,15,12,12	0,0,0,0,0,0,0,0,0,0,0,0,0,0,0,0,0,0,0,0	0,132,279,315,343,397,599,600,600,637,660,887,887,895,896,901,2422,2835,2986,3043	0,3,0,7,6,2,17,1,1,2,0,0,0,1,1,4,15,4,0,4	0,3,0,13,13,3,39,2,2,3,0,0,0,2,5,13,27,8,3,8	0,175,0,180,180,22,239,13,13,6,0,0,0,15,149,34,145,78,183,8	0,0,0,0,0,0,0,0,0,0,0,0,0,0,0,0,0,0,1,0	636.json
4662	5,5,5,5,5	3,3,3,3,3	5,5,5,5,5	0,0,0,0,0	0,6,154,276,2876	0,0,0,0,1	0,0,0,0,2	0,0,0,0,35	0,0,0,0,1	171.json
4160	15,15,18,12,11,17,21	12,12,15,11,11,13,17	12,12,15,11,11,13,17	0,0,0,0,0,0,0	0,70,97,208,208,224,1415	0,5,5,2,0,6,21	0,10,7,10,1,6,38	0,51,125,194,83,350,210	0,0,0,0,0,0,0	304.json
3826	4,3,3	3,3,3	4,3,3	0,0,0	0,35,1148	0,2,2	0,5,4	0,39,53	0,0,0	324.json
2596	17,17,21,17,11,11,11,11,12,13	13,13,15,13,8,8,8,8,9,10	14,14,16,14,9,9,9,9,10,11	0,0,0,0,0,0,0,0,0,0	0,4,12,18,19,25,58,61,65,487	0,1,14,8,2,1,3,1,5,3	0,2,24,20,10,2,6,2,9,5	0,6,264,250,207,7,31,14,120,119	0,0,0,0,0,0,0,0,0,0	784.json
4056	3	3	3	0	0	0	0	0	0	298.json
6577	4,4,4,5	4,4,4,5	4,4,4,5	0,0,0,0	0,1688,2069,3832	0,0,0,5	0,0,0,9	0,0,0,40	0,0,0,0	887.json
5648	3,3,3	3,3,3	3,3,3	1,1,1	0,759,1140	0,0,0	0,0,0	0,0,0	0,0,0	926.json
2035	3	3	3	0	0	0	0	0	0	213.json
1974	7,6,9	4,4,7	7,6,9	0,0,0	0,888,943	0,3,3	0,7,3	0,38,122	0,0,0	596.json
5167	6,6,6,6,7	6,6,6,6,7	6,6,6,6,7	0,0,0,0,0	0,279,397,660,2422	0,0,0,0,7	0,0,0,0,13	0,0,6,0,92	0,0,0,0,0	55.json
4564	10,10,4,4	7,7,3,3	9,9,4,4	0,0,0,0	0,0,54,56	0,1,3,0	0,2,12,0	0,19,245,0	0,1,0,0	426.json
2875	3	3	3	0	0	0	0	0	0	504.json
4652	3,3,3,3,3	3,3,3,3,3	3,3,3,3,3	0,0,0,0,0	0,144,681,735,1710	0,0,1,1,2	0,0,2,2,4	0,0,12,12,25	0,0,0,0,0	874.json
4564	37,27,27,27,23,5,6,10,11,11,13,13,27	29,26,26,26,23,5,6,10,11,11,13,13,25	30,27,27,27,23,5,6,10,11,11,13,13,25	0,0,0,0,0,0,0,0,0,0,0,0,0	0,40,56,263,553,1397,1819,1996,2174,2440,2477,2521,3903	0,2,0,0,15,3,6,7,2,2,3,1,20	0,14,0,0,34,24,11,10,3,4,4,2,26	0,382,0,0,512,382,49,229,71,16,111,12,548	0,0,0,0,0,1,0,0,0,0,0,0,0	83.json
6577	6,3,3,3,6,6,6,6,6,6,6,7	6,3,3,3,6,6,6,6,6,6,6,7	6,3,3,3,6,6,6,6,6,6,6,7	0,0,0,0,0,0,0,0,0,0,0,0	0,74,77,77,78,145,1409,1688,2069,3196,3308,3832	0,1,1,1,4,2,1,0,0,1,1,7	0,5,2,2,5,4,2,0,0,2,2,13	0,106,58,58,106,29,7,0,0,22,11,70	0,0,0,0,0,0,0,0,0,1,0,0	924.json
2037	28	28	27	0	0	0	0	0	0	117.json
2699	2,2	2,2	2,2	0,0	0,1	0,0	0,0	0,0	0,0	283.json
5167	3,3,3,3,3	3,3,3,3,3	3,3,3,3,3	0,0,0,0,0	0,279,550,660,4547	0,0,0,0,3	0,0,0,0,6	0,0,0,0,30	0,0,0,0,0	824.json
2035	5	5	5	0	0	0	0	0	0	212.json
2821	4,12,3	4,10,3	4,10,3	0,0,0	0,112,116	0,10,1	0,12,11	0,210,285	0,0,0	270.json
3137	6,3	6,3	6,3	0,0	0,39	0,1	0,5	0,105	0,1	241.json
4573	8,13,7,3,3,7,8,8,9,7,8,8,9,9,9	9,9,7,3,3,7,6,6,6,6,6,6,7,7,7	8,12,7,3,3,7,6,6,6,6,6,6,8,8,7	0,0,0,0,0,0,0,0,0,0,0,0,0,0,0	0,1,2,5,6,7,9,9,42,54,63,65,65,65,1991	0,13,7,1,1,7,4,1,3,0,2,0,3,1,6	0,21,20,6,2,10,7,2,5,2,3,0,5,2,12	0,284,256,69,13,100,120,7,10,78,62,0,103,15,249	0,0,0,0,0,0,0,0,0,0,0,0,0,0,1	409.json
2035	3	3	3	0	0	0	0	0	0	217.json
2875	3	3	3	0	0	0	0	0	0	478.json
4231	9,9,9,19	9,9,9,15	9,9,9,14	0,0,0,0	0,38,237,2974	0,0,1,11	0,0,2,12	0,0,4,452	0,0,0,1	723.json
2578	3	3	3	1	0	0	0	0	0	725.json
2384	10	10	10	0	0	0	0	0	0	89.json
3055	5	4	5	0	0	0	0	0	0	747.json
2875	3,5,5	3,5,5	3,5,5	0,0,0	0,499,502	0,3,1	0,4,2	0,82,28	0,0,0	498.json
978	10,10	10,10	10,10	0,0	0,585	0,1	0,2	0,3	0,0	551.json
4165	20,20,14,15,14,20,23	18,18,14,16,14,18,22	17,17,12,14,12,17,20	0,0,0,0,0,0,0	0,116,400,403,417,507,1420	0,1,2,1,1,8,22	0,2,10,7,2,10,41	0,6,196,55,58,197,305	0,0,0,0,0,0,0	803.json
2234	5,6	5,6	5,6	0,0	0,1183	0,3	0,5	0,58	0,0	132.json
3972	3,3,3,3,3,3,3,3,4,3	3,3,3,3,3,3,3,3,4,3	3,3,3,3,3,3,3,3,4,3	0,0,0,0,0,0,0,0,0,0	0,6,6,50,50,1150,1150,1151,2460,3141	0,2,1,0,0,1,1,1,2,1	0,4,2,0,0,2,2,2,3,3	0,34,10,0,0,13,4,17,53,37	0,0,0,0,0,0,0,0,0,0	265.json
3199	4,5,5	3,5,5	4,5,5	0,0,0	0,454,1075	0,5,1	0,9,2	0,40,2	0,0,0	626.json
2234	5,6	5,6	5,6	0,0	0,1183	0,2	0,3	0,39	0,0	133.json
2875	4	3	4	0	0	0	0	0	0	483.json
3131	5,6,3	4,6,3	5,6,3	0,0,0	0,386,1719	0,6,1	0,11,5	0,49,88	0,0,0	275.json
7067	3,3,3,3,3,3	3,3,3,3,3,3	3,3,3,3,3,3	1,1,1,1,1,1	0,1900,2179,2560,4356,4943	0,2,0,0,1,1	0,4,0,0,2,2	0,14,0,0,22,2	0,0,0,0,0,0	828.json
5648	9,9,9,10	9,9,9,10	9,9,9,10	0,0,0,0	0,759,1140,2903	0,0,0,10	0,0,0,19	0,0,0,96	0,0,0,0	882.json
3167	6,6,6,6,10,15,25,22,20,20,20,19,19,19	5,5,5,5,9,11,21,18,16,16,16,16,16,16	6,6,6,6,10,15,25,22,20,20,20,19,19,19	0,0,0,0,0,0,0,0,0,0,0,0,0,0	0,190,461,462,599,777,783,785,786,794,842,843,869,1043	0,1,1,1,7,7,16,10,6,1,1,1,1,2	0,2,2,2,10,9,22,23,14,2,2,3,2,4	0,8,91,50,168,266,528,324,361,29,19,83,9,6	0,0,0,0,0,0,0,0,0,0,1,0,0,0	85.json
6577	3,3,3	3,3,3	3,3,3	0,0,0	0,1688,2069	0,0,0	0,0,0	0,0,0	0,0,0	900.json
4666	7,7,6,6,8	6,6,5,5,8	7,7,6,6,8	0,0,0,0,0	0,17,64,158,1921	0,3,4,0,8	0,6,9,0,14	0,36,149,0,80	0,0,0,0,0	437.json
2875	3	3	3	0	0	0	0	0	0	519.json
1159	25,25	21,21	22,22	0,0	0,108	0,2	0,4	0,70	0,1	11.json
2037	5	5	5	0	0	0	0	0	0	43.json
3964	9,9,10,10,10,9,9,9	10,10,10,10,10,10,10,10	9,9,10,10,10,9,9,9	0,0,0,0,0,0,0,0	0,33,33,42,42,524,580,616	0,1,2,0,0,1,1,1	0,2,3,0,0,3,2,2	0,15,13,0,0,33,7,7	0,0,1,0,0,0,0,1	249.json
3199	7,9	4,8	7,9	0,0	0,454	0,9	0,16	0,76	0,0	629.json
2875	5,6	5,6	5,6	0,0	0,130	0,6	0,11	0,48	0,0	508.json
5167	3,3,3,3,3,3,3,5,5,3	3,3,3,3,3,3,3,4,4,3	3,3,3,3,3,3,3,4,4,3	0,0,0,0,0,0,0,0,0,0	0,274,279,660,693,936,974,2570,2583,2584	0,1,0,0,1,2,2,3,1,1	0,2,0,0,2,4,4,4,2,4	0,3,0,0,7,32,23,83,25,42	0,1,0,0,0,0,0,0,0,0	754.json
2821	3,3,3	3,3,3	3,3,3	0,0,0	0,697,781	0,1,1	0,2,2	0,18,6	0,0,0	166.json
5167	19,19,18,20,20,3,3,3	18,18,18,18,18,3,3,3	17,17,17,17,17,3,3,3	0,0,0,0,0,0,0,0	0,279,501,543,660,1002,1118,3934	0,0,0,2,0,1,1,1	0,0,1,2,0,19,2,2	0,0,57,57,0,436,6,22	0,0,1,0,0,1,0,0	771.json
4796	3,3,3,3	3,3,3,3	3,3,3,3	0,0,0,0	0,26,289,733	0,0,0,1	0,0,0,2	0,0,0,7	0,0,0,0	58.json
7067	5,5,7,6,6,6	5,5,7,6,6,6	5,5,7,6,6,6	0,0,0,0,0,0	0,8,494,494,2179,2560	0,1,3,3,0,0	0,2,4,7,0,0	0,19,64,44,0,0	0,1,0,0,0,0	929.json
5167	3,3,3,3,3,3,3,3,3,3,3,3,3	3,3,3,3,3,3,3,3,3,3,3,3,3	3,3,3,3,3,3,3,3,3,3,3,3,3	0,0,0,0,0,0,0,0,0,0,0,0,0	0,279,315,343,397,565,599,637,660,887,887,895,3043	0,0,2,2,2,1,1,0,0,0,0,2,1	0,0,4,4,4,2,2,0,0,0,0,4,2	0,0,10,10,21,5,5,0,0,0,0,72,18	0,0,0,0,0,0,0,0,0,0,0,0,0	649.json
5167	3,3,3,3,3,3,5,3,3,3	3,3,3,3,3,3,5,3,3,3	3,3,3,3,3,3,5,3,3,3	0,0,0,0,0,0,0,0,0,0	0,279,434,543,660,660,1007,2112,2393,2394	0,0,2,1,0,1,2,0,1,1	0,0,4,2,0,2,2,2,2,2	0,0,40,6,0,6,99,99,6,6	0,0,0,0,0,0,0,0,0,0	729.json
2591	3,3	3,3	3,3	0,0	0,467	0,1	0,2	0,2	0,0	717.json
1151	5	5	5	0	0	0	0	0	0	531.json
2037	3	3	3	0	0	0	0	0	0	50.json
5648	8,8,8,9	8,8,8,9	8,8,8,9	0,0,0,0	0,759,1140,2903	0,0,0,9	0,0,0,17	0,0,0,86	0,0,0,0	881.json
6577	6,3,3,3,6,3,3,3,3	6,3,3,3,6,3,3,3,3	6,3,3,3,6,3,3,3,3	0,0,0,0,0,0,0,0,0	0,74,77,77,78,145,928,1688,2069	0,1,1,1,4,1,1,0,0	0,5,2,2,5,5,2,0,0	0,106,58,58,106,102,6,0,0	0,0,0,0,0,0,0,0,0	923.json
5167	3,3,3,3	3,3,3,3	3,3,3,3	0,0,0,0	0,279,660,3043	0,0,0,1	0,0,0,2	0,0,0,18	0,0,0,0	792.json
5648	10,10,10,11	9,9,9,10	9,9,9,10	0,0,0,0	0,759,1140,2903	0,0,0,10	0,0,0,19	0,0,0,82	0,0,0,0	879.json
4458	4,4,4,4,4	3,3,3,3,3	4,4,4,4,4	0,0,0,0,0	0,178,178,1259,2334	0,0,0,3,1	0,0,0,6,2	0,0,0,53,30	0,0,0,0,0	646.json
2821	3,3	3,3	3,3	0,0	0,697	0,1	0,2	0,18	0,0	162.json
5097	11,11,11,11,11,11,11,11,11,10,10,14,17,14	11,11,11,11,11,11,11,11,11,9,9,14,17,14	11,11,11,11,11,11,11,11,11,10,10,14,17,14	0,0,0,0,0,0,0,0,0,0,0,0,0,0	0,208,327,529,566,589,817,817,825,831,1124,2352,3944,4359	0,0,0,5,3,0,0,0,1,1,5,14,3,0	0,0,0,10,6,0,0,0,2,3,10,24,3,3	0,0,0,80,10,0,0,0,6,6,31,145,62,62	0,0,0,0,0,0,0,0,0,0,0,0,1,0	642.json
4602	7,7,7,10,10,8,8,7	5,5,5,5,5,5,5,5	7,7,7,7,7,7,7,6	0,0,0,0,0,0,0,0	0,35,35,62,92,94,2478,2816	0,1,2,4,1,1,3,3	0,2,4,5,2,4,6,7	0,9,26,81,10,90,83,61	0,0,0,0,0,0,0,1	368.json
2035	4	4	4	0	0	0	0	0	0	215.json
1159	3	3	3	0	0	0	0	0	0	15.json
3966	6,6,6,6,6,3,3,3,3,4,3	6,6,6,6,6,3,3,3,3,4,3	6,6,6,6,6,3,3,3,3,4,3	0,0,0,0,0,0,0,0,0,0,0	0,44,44,49,1024,1144,1144,1145,1842,2454,3135	0,0,0,2,1,1,1,1,1,2,1	0,0,0,4,2,5,2,2,2,3,3	0,2,0,27,18,106,4,10,17,37,37	0,0,0,0,0,0,0,0,0,0,0	262.json
3994	4,27,29,29,21,21	3,27,29,29,22,22	4,24,26,26,19,19	0,0,0,0,0,0	0,7,9,72,1236,1266	0,26,24,2,11,1	0,29,46,4,30,2	0,579,87,30,326,298	0,0,0,0,0,1	351.json
2592	45,45,47,58,56,43,40,39,39,33	39,39,39,46,45,37,34,33,33,29	40,40,42,51,50,38,35,34,34,29	0,0,0,0,0,0,0,0,0,0	0,8,14,15,21,26,54,82,82,483	0,1,8,14,2,4,1,0,0,18	0,2,14,17,6,21,5,1,0,42	0,17,153,546,98,759,205,82,0,351	0,0,0,0,0,0,0,0,0,0	778.json
2989	3,3,3,3,3	3,3,3,3,3	3,3,3,3,3	0,0,0,0,0	0,82,111,167,865	0,3,0,2,1	0,6,0,4,2	0,8,0,33,18	0,1,1,0,0	174.json
3150	5,5,5,5,3,3,3,7,6,7	4,6,6,6,3,3,3,7,6,7	3,5,5,5,3,3,3,7,6,7	0,0,0,0,0,0,0,0,0,0	0,24,24,26,177,224,278,278,279,405	0,3,2,2,3,1,1,5,1,2	0,6,4,4,8,2,2,6,3,3	0,109,2,56,163,5,32,149,16,16	0,0,0,0,1,0,0,0,0,0	36.json
4666	13,13,13,13,12	12,12,12,12,12	13,13,13,13,12	0,0,0,0,0	0,17,158,262,2423	0,0,0,1,5	0,0,0,2,11	0,0,0,3,138	0,0,0,0,0	363.json
4666	8,8,5	7,7,5	7,7,5	0,0,0	0,158,158	0,0,0	0,0,3	0,0,59	0,0,0	441.json
4568	3,3,3,3,3,3	3,3,3,3,3,3	3,3,3,3,3,3	0,0,0,0,0,0	0,37,60,288,288,2444	0,0,0,0,0,1	0,0,0,0,0,2	0,0,0,0,0,42	0,0,0,0,0,0	632.json
2584	6,6,6,6	4,4,4,4	5,5,5,5	0,0,0,0	0,13,46,49	0,1,1,1	0,2,2,2	0,7,7,14	0,0,0,0	785.json
2699	2,2	2,2	2,2	0,0	0,1	0,0	0,0	0,0	0,0	282.json
3972	3,3,3,3,3	3,3,3,3,3	3,3,3,3,3	0,0,0,0,0	0,41,41,50,50	0,1,2,0,0	0,2,4,0,0	0,15,72,0,0	0,0,1,0,0	257.json
2268	17	13	17	0	0	0	0	0	0	845.json
6577	3,3,3,3	3,3,3,3	3,3,3,3	0,0,0,0	0,1688,2069,4329	0,0,0,1	0,0,0,2	0,0,0,32	0,0,0,0	907.json
2146	9	9	9	0	0	0	0	0	0	862.json
2789	3	3	3	0	0	0	0	0	0	852.json
3199	5,6	3,5	5,6	0,0	0,454	0,6	0,11	0,52	0,0	628.json
2875	4	4	4	0	0	0	0	0	0	517.json
2875	3	3	3	0	0	0	0	0	0	482.json
4063	10,10,3	9,3,3	9,3,3	0,0,0	0,64,126	0,7,0	0,14,7	0,95,352	0,1,0	54.json
4406	5,6	5,6	5,6	0,0	0,1661	0,6	0,11	0,48	0,0	203.json
4545	9,9,9,9,9,9,9,8,27,14,14,9,8	9,9,9,9,9,9,9,9,22,13,13,9,9	9,9,9,9,9,9,9,8,22,12,12,8,8	0,0,0,0,0,0,0,0,0,0,0,0,0	0,14,26,35,37,37,266,272,2181,2181,2181,2184,2201	0,1,7,1,6,1,0,2,20,1,2,3,2	0,2,14,2,12,2,0,5,21,15,4,11,5	0,8,42,8,12,15,0,58,793,475,21,200,62	0,0,0,0,0,0,0,0,0,0,0,0,0	569.json
2875	5,6,6,6,6,6	4,5,5,5,5,5	5,6,6,6,6,6	0,0,0,0,0,0	0,130,231,231,499,502	0,6,4,3,1,1	0,11,8,6,2,2	0,52,33,11,12,16	0,0,1,0,0,0	470.json
6577	3,3,3	3,3,3	3,3,3	0,0,0	0,1688,2069	0,0,0	0,0,0	0,0,0	0,0,0	906.json
1300	16	12	12	0	0	0	0	0	0	144.json
1051	7	7	7	0	0	0	0	0	0	9.json
4662	5,5,5,5	3,3,3,3	5,5,5,5	0,0,0,0	0,6,154,276	0,0,0,0	0,0,0,0	0,0,0,0	0,0,0,0	172.json
6577	3,3,3	3,3,3	3,3,3	0,0,0	0,1688,2069	0,0,0	0,0,0	0,0,0	0,0,0	912.json
1922	3	3	3	0	0	0	0	0	0	233.json
2875	3,3,3	3,3,3	3,3,3	0,0,0	0,231,231	0,2,2	0,4,4	0,59,4	0,1,0	472.json
6573	4,4,4,4	4,4,4,4	4,4,4,4	0,0,0,0	0,0,1684,2065	0,1,0,0	0,2,0,0	0,15,0,0	0,0,0,0	931.json
2677	6,3	6,3	6,3	0,0	0,1491	0,1	0,5	0,131	0,0	326.json
2123	3	3	3	0	0	0	0	0	0	672.json
3127	7	6	7	0	0	0	0	0	0	532.json
4160	5	5	5	0	0	0	0	0	0	62.json
2789	3	4	3	0	0	0	0	0	0	851.json
6577	9,6,6,6,8,8,8	7,6,6,6,8,8,8	7,6,6,6,8,8,8	0,0,0,0,0,0,0	0,1409,1688,2069,3832,4329,4330	0,3,0,0,8,1,1	0,9,0,0,14,2,2	0,228,0,0,72,24,24	0,0,0,0,0,0,0	899.json
2875	5,6,6,6,6,6,6	4,5,5,5,5,5,5	5,6,6,6,6,6,6	0,0,0,0,0,0,0	0,130,231,231,499,502,1089	0,6,4,3,1,1,2	0,11,8,6,2,2,4	0,52,61,11,11,15,23	0,0,1,0,0,0,1	494.json
2087	10,8	10,8	10,8	0,0	0,1532	0,1	0,4	0,54	0,0	228.json
6577	3,3,3,3	3,3,3,3	3,3,3,3	0,0,0,0	0,1688,2069,4329	0,0,0,1	0,0,0,2	0,0,0,34	0,0,0,0	901.json
2584	5,16,16,16,9	3,13,13,13,8	5,16,16,16,9	0,0,0,0,0	0,18,74,388,475	0,14,1,1,4	0,17,2,2,15	0,394,6,14,297	0,0,0,1,0	782.json
3122	3	3	3	1	0	0	0	0	0	639.json
6577	3,3,3	3,3,3	3,3,3	0,0,0	0,1688,2069	0,0,0	0,0,0	0,0,0	0,0,0	892.json
4507	3,3,6,7,9,10,10,10,10,10,13,13,17	3,3,5,7,9,10,10,10,10,10,13,13,16	3,3,6,7,9,10,10,10,10,10,13,13,16	0,0,0,0,0,0,0,0,0,0,0,0,0	0,228,1238,1762,1951,1958,1971,2004,2033,2383,3436,3887,4373	0,0,3,7,5,7,1,1,1,2,4,1,4	0,0,3,13,8,13,2,2,2,4,5,2,4	0,1,116,57,203,106,40,15,8,3,84,9,65	0,0,1,0,0,0,0,0,0,0,0,0,1	581.json
2875	14,16,16,16	11,13,13,13	14,16,16,16	0,0,0,0	0,130,1089,1817	0,16,1,1	0,30,2,2	0,184,14,28	0,0,1,1	515.json
2037	7	8	7	0	0	0	0	0	0	42.json
1922	3	3	3	0	0	0	0	0	0	230.json
4404	7,8	7,7	7,8	0,0	0,2280	0,2	0,4	0,71	0,0	378.json
620	9	9	9	0	0	0	0	0	0	179.json
4666	3,3	3,3	3,3	0,0	0,158	0,0	0,0	0,0	0,0	442.json
2234	12,12	9,9	12,12	0,0	0,260	0,12	0,24	0,64	0,0	597.json
4824	3,3,8,6,6,3,3	3,3,4,4,4,3,3	3,3,6,6,6,3,3	0,0,0,0,0,0,0	0,317,317,317,322,340,418	0,0,5,2,1,1,0	0,0,5,6,2,5,0	0,0,219,72,15,150,0	0,0,0,0,0,0,0	187.json
2677	4	4	4	0	0	0	0	0	0	341.json
4572	3,3,3,3,3,3,3,3,3,3,3,3	3,3,3,3,3,3,3,3,3,3,3,3	3,3,3,3,3,3,3,3,3,3,3,3	0,0,0,0,0,0,0,0,0,0,0,0	0,4,4,5,6,8,8,27,41,64,299,876	0,2,1,1,1,1,1,1,1,0,1,1	0,4,2,2,2,2,2,2,2,0,2,2	0,23,5,13,31,31,38,8,8,0,5,16	0,0,0,0,1,0,0,0,0,0,0,0	408.json
6577	3,3,3	3,3,3	3,3,3	0,0,0	0,1688,2069	0,0,0	0,0,0	0,0,0	0,0,0	910.json
2875	3	3	3	0	0	0	0	0	0	458.json
620	8	8	8	0	0	0	0	0	0	664.json
3137	6,6,20,20	6,6,16,16	6,6,18,18	0,0,0,0	0,39,1719,1725	0,2,18,3	0,4,22,6	0,46,795,26	0,1,0,1	242.json
3790	4,4,4	4,4,4	4,4,4	0,0,0	0,1113,1459	0,3,1	0,6,2	0,77,30	0,0,1	342.json
4867	12,12,9,9,8,8,8	10,10,8,8,8,8,8	10,10,8,8,8,8,8	0,0,0,0,0,0,0	0,71,71,201,216,360,461	0,1,0,1,0,0,2	0,2,3,2,1,0,4	0,6,96,19,51,0,20	0,0,1,1,0,0,0	202.json
4733	3,3,3,3	3,3,3,3	3,3,3,3	1,1,1,1	0,225,2609,2705	0,0,1,1	0,0,2,2	0,0,18,2	0,0,0,0	744.json
2875	3	3	3	0	0	0	0	0	0	511.json
5167	3,3,3,3,3	3,3,3,3,3	3,3,3,3,3	1,1,1,1,1	0,279,660,3043,3139	0,0,0,1,1	0,0,0,2,2	0,0,0,18,2	0,0,0,0,0	734.json
4406	6,7,11	6,7,9	6,7,10	0,0,0	0,1661,2231	0,7,7	0,13,10	0,57,206	0,0,0	189.json
1410	6	6	6	0	0	0	0	0	0	6.json
2035	3	3	3	0	0	0	0	0	0	204.json
5167	3,3,3,4,3,4,4,4,4,4,4,4,4,4,7,4,11,11,11	3,3,3,4,3,3,3,3,3,3,3,3,3,3,5,3,8,8,8	3,3,3,4,3,4,4,4,4,4,4,4,4,4,7,4,9,9,9	0,0,0,0,0,0,0,0,0,0,0,0,0,0,0,0,0,0,0	0,279,397,434,501,599,599,622,637,660,660,851,866,895,1440,1509,2559,2560,3043	0,0,1,2,1,3,1,1,1,0,1,0,0,1,5,2,9,1,2	0,0,2,3,3,5,2,2,2,0,2,0,0,2,7,7,11,2,4	0,0,15,58,33,34,5,12,8,0,5,0,0,12,102,102,247,8,4	0,0,0,0,1,0,0,0,0,0,0,0,0,0,0,1,0,0,0	528.json
4568	8,9,9,9,9,9	9,9,9,9,9,9	8,9,9,9,9,9	0,0,0,0,0,0	0,37,60,288,288,2444	0,3,0,0,0,1	0,5,0,0,0,2	0,6,0,0,0,90	0,0,0,0,0,0	633.json
6577	3,3,3,3	3,3,3,3	3,3,3,3	0,0,0,0	0,1688,2069,4329	0,0,0,1	0,0,0,2	0,0,0,36	0,0,0,0	909.json
7067	15,15,14,14,14,14,15,15,15	12,12,11,11,11,11,12,12,12	14,14,13,13,13,13,14,14,14	0,0,0,0,0,0,0,0,0	0,8,38,481,491,494,494,2179,2560	0,1,3,6,1,0,2,0,0	0,2,7,12,2,0,3,0,0	0,8,43,24,41,0,39,0,0	0,1,1,0,0,0,0,0,0	938.json
4564	17,17,17,19,20,20,22	14,14,14,16,17,17,19	17,17,17,19,20,20,22	0,0,0,0,0,0,0	0,56,263,934,1819,2440,3412	0,0,0,2,20,4,3	0,0,0,2,39,8,4	0,0,0,56,241,8,78	0,0,0,1,0,0,1	78.json
3283	15,18	15,18	14,17	0,0	0,45	0,3	0,3	0,61	0,0	809.json
3987	3,3	3,3	3,3	0,0	0,65	0,1	0,2	0,7	0,0	553.json
620	6	6	6	0	0	0	0	0	0	65.json
4273	6,6,6	5,4,4	6,6,6	0,0,0	0,286,2149	0,2,1	0,4,2	0,54,59	0,0,0	565.json
4507	3,3,3,3	3,3,3,3	3,3,3,3	0,0,0,0	0,228,1224,1269	0,0,1,2	0,0,2,4	0,0,19,16	0,0,1,0	586.json
4193	3,3	3,3	3,3	0,0	0,102	0,1	0,2	0,8	0,0	760.json
3199	4	3	4	0	0	0	0	0	0	630.json
2875	4	3	4	0	0	0	0	0	0	487.json
1173	20,20,20,20	13,13,13,13	13,13,13,13	0,0,0,0	0,21,435,810	0,8,8,2	0,16,16,4	0,81,93,24	0,1,0,0	654.json
4273	18	17	17	0	0	0	0	0	0	414.json
2620	13,10,10	11,8,8	11,8,8	0,0,0	0,0,496	0,1,1	0,5,2	0,124,4	0,0,0	393.json
1159	3	3	3	0	0	0	0	0	0	23.json
4502	3,3,4,4,4,3,4,4,3,3	3,3,3,3,3,3,3,3,3,3	3,3,4,4,4,3,4,4,3,3	0,0,0,0,0,0,0,0,0,0	0,0,229,1936,1964,1967,1992,2378,2594,3075	0,1,3,1,1,1,1,1,1,1	0,2,5,2,2,3,2,2,3,2	0,24,31,42,1,24,17,2,22,15	0,0,0,0,0,0,0,0,1,0	128.json
5167	3,3,3,3,3,3,3	3,3,3,3,3,3,3	3,3,3,3,3,3,3	0,0,0,0,0,0,0	0,279,649,660,665,693,781	0,0,1,0,1,1,1	0,0,2,0,2,2,2	0,0,14,0,15,5,17	0,0,0,0,0,0,0	701.json
2146	3	3	3	0	0	0	0	0	0	864.json
2377	2,3,3,3,3,3	2,2,3,3,3,3	2,2,3,3,3,3	0,0,0,0,0,0	0,0,0,0,0,0	0,2,2,0,2,1	0,3,4,0,4,2	0,19,51,0,32,20	0,0,0,1,0,0	841.json
5167	3,3,3,5,3,6,6	3,3,3,5,3,6,6	3,3,3,5,3,6,6	0,0,0,0,0,0,0	0,279,660,1327,1370,2576,3043	0,0,0,3,1,4,1	0,0,0,4,4,5,2	0,0,0,53,53,153,2	0,0,0,0,0,1,0	695.json
1031	3	3	3	1	0	0	0	0	0	594.json
2584	4	4	4	0	0	0	0	0	0	424.json
3964	3,3,3,3,3	2,2,2,2,2	2,2,2,2,2	0,0,0,0,0	0,42,42,2825,3592	0,0,0,1,1	0,0,0,2,2	0,0,0,33,17	0,0,0,0,0	280.json
7067	1,5,5,5,5,5,5	2,5,5,5,5,5,5	1,5,5,5,5,5,5	0,0,0,0,0,0,0	0,1900,2179,2271,2297,2560,2907	0,5,0,1,0,0,1	0,10,0,2,0,0,2	0,131,0,12,0,0,5	0,0,0,0,0,0,0	57.json
2566	11	11	11	0	0	0	0	0	0	388.json
1300	3	3	3	1	0	0	0	0	0	149.json
4666	3,3,3,3,3,3	4,4,3,3,3,3	3,3,3,3,3,3	0,0,0,0,0,0	0,10,17,64,158,2026	0,0,3,0,0,1	0,0,6,0,0,2	0,0,30,0,0,45	0,0,0,0,0,0	398.json
4573	8,13,7,7,7	9,9,7,7,7	8,12,7,7,7	0,0,0,0,0	0,1,2,5,65	0,13,7,7,0	0,21,20,14,0	0,284,256,124,0	0,0,0,0,0	122.json
2592	3,3,4	3,3,4	3,3,4	0,0,0	0,21,1406	0,0,3	0,0,5	0,0,144	0,0,0	151.json
4564	3,3,3,3	3,3,3,3	3,3,3,3	0,0,0,0	0,56,263,2440	0,0,0,1	0,0,0,2	0,0,0,18	0,0,0,0	74.json
2875	5,6,6	4,5,5	5,6,6	0,0,0	0,130,231	0,6,4	0,11,8	0,52,36	0,0,0	465.json
3826	3,3	3,3	3,3	1,1	0,1702	0,1	0,2	0,17	0,0	677.json
1412	8	8	8	0	0	0	0	0	0	158.json
3194	3,4	3,4	3,4	0,0	0,72	0,1	0,1	0,64	0,1	561.json
4231	3,3	3,3	3,3	0,0	0,38	0,0	0,0	0,0	0,0	724.json
2577	9,9,9,7	7,7,7,7	7,7,7,7	0,0,0,0	0,67,381,1103	0,0,1,3	0,0,2,8	0,0,14,80	0,0,1,0	779.json
3826	11,8,4,7,4,8,10,10,8,11,3,13	7,7,3,7,3,7,9,7,7,11,3,11	8,8,4,7,4,8,10,8,8,11,3,11	0,0,0,0,0,0,0,0,0,0,0,0	0,42,60,63,77,168,315,358,371,1081,1228,1229	0,0,2,4,1,5,2,2,0,11,3,13	0,3,8,9,2,9,2,4,2,19,16,16	0,89,114,98,98,114,60,20,71,156,253,255	0,0,0,0,0,0,1,0,0,0,0,0	332.json
2037	3	3	3	0	0	0	0	0	0	118.json
2046	11	11	11	0	0	0	0	0	0	80.json
5167	4,4,4,4	4,4,4,4	4,4,4,4	0,0,0,0	0,279,397,660	0,0,0,0	0,0,0,0	0,0,0,0	0,0,0,0	30.json
3614	13,22	14,22	13,21	0,0	0,2250	0,10	0,11	0,506	0,1	278.json
1300	3	3	3	0	0	0	0	0	0	142.json
2875	11,12,13	9,10,11	11,12,13	0,0,0	0,130,1089	0,12,3	0,23,5	0,129,15	0,0,1	461.json
3127	3	3	3	0	0	0	0	0	0	928.json
6503	3,3,3	3,3,3	3,3,3	0,0,0	0,1614,1995	0,0,0	0,0,0	0,0,0	0,0,0	942.json
6577	3,3,3	3,3,3	3,3,3	0,0,0	0,1688,2069	0,0,0	0,0,0	0,0,0	0,0,0	914.json
2822	6,6,6,6,6	6,6,6,6,6	6,6,6,6,6	0,0,0,0,0	0,0,0,1,698	0,2,1,0,2	0,4,2,0,4	0,15,14,0,48	0,0,0,0,0	254.json
620	21	17	19	0	0	0	0	0	0	810.json
7067	15,15,15,15,15,3,3,3,3	14,14,14,14,14,3,3,3,3	14,14,14,14,14,3,3,3,3	0,0,0,0,0,0,0,0,0	0,119,343,481,494,494,508,2179,2560	0,1,1,4,1,2,1,0,0	0,2,2,8,2,16,2,0,0	0,46,11,16,15,474,6,0,0	0,1,0,0,0,0,0,0,0	932.json
1159	11	10	10	0	0	0	0	0	0	7.json
2875	3	3	3	0	0	0	0	0	0	499.json
2708	4,4,4	4,4,4	4,4,4	0,0,0	0,2,2	0,1,2	0,2,4	0,8,26	0,0,0	260.json
1086	5	4	5	0	0	0	0	0	0	609.json
2361	3	3	3	0	0	0	0	0	0	572.json
3964	3,3,3,4,5,7	3,3,3,4,5,7	3,3,3,4,5,7	0,0,0,0,0,0	0,42,42,866,1219,2041	0,0,0,2,5,4	0,0,0,3,9,6	0,0,0,23,40,98	0,0,0,1,0,0	244.json
2109	3	3	3	1	0	0	0	0	0	726.json
4602	11,11,11	9,9,9	11,11,11	0,0,0	0,35,94	0,11,0	0,22,0	0,55,0	0,0,0	389.json
3952	8,8,8,8,3	7,9,9,9,3	7,8,8,8,3	0,0,0,0,0	0,0,30,30,815	0,7,0,0,1	0,14,0,0,7	0,120,0,0,117	0,0,0,0,0	222.json
4867	3,3,3,3,3	3,3,3,3,3	3,3,3,3,3	0,0,0,0,0	0,360,393,461,588	0,0,1,1,2	0,0,2,2,4	0,0,19,19,20	0,0,0,0,0	763.json
3964	5,5,5,8,10,11,11,12,13,13,29,35,35,40	5,5,5,8,9,10,10,11,12,12,23,26,26,30	5,5,5,8,10,11,11,12,13,13,25,28,28,33	0,0,0,0,0,0,0,0,0,0,0,0,0,0	0,42,42,798,1166,1166,1166,1219,1896,2786,2786,2786,3416,3438	0,0,0,6,3,5,2,12,1,4,24,8,2,7	0,0,0,9,4,9,4,23,1,8,32,10,4,9	0,0,0,72,123,98,33,133,44,36,743,204,26,226	0,0,0,0,0,0,0,0,1,1,1,0,0,0	240.json
2568	10,10,11	10,10,11	10,10,11	0,0,0	0,444,481	0,1,1	0,2,1	0,2,40	0,0,0	90.json
5647	3,3,3	3,3,3	3,3,3	0,0,0	0,758,1139	0,0,0	0,0,0	0,0,0	0,0,0	944.json
620	12	9	11	0	0	0	0	0	0	816.json
2875	3	3	3	0	0	0	0	0	0	503.json
2582	11	10	10	0	0	0	0	0	0	371.json
1280	6	6	6	0	0	0	0	0	0	186.json
3439	3,3,3,3,3,4,3,3,3	3,3,3,3,3,3,3,3,3	3,3,3,3,3,4,3,3,3	0,0,0,0,0,0,0,0,0	0,59,63,245,260,308,317,1316,1316	0,1,1,2,0,2,2,1,0	0,2,2,4,0,3,5,2,0	0,16,16,45,0,21,39,23,0	0,1,1,0,0,1,1,0,0	103.json
3194	4,4,4,5,6,6,7	4,4,4,5,5,5,5	4,4,4,5,6,6,7	0,0,0,0,0,0,0	0,15,72,449,1071,1071,1208	0,0,3,5,6,0,4	0,0,6,9,11,0,7	0,0,26,40,194,0,55	0,0,1,0,0,0,1	106.json
4231	3,3,3	3,3,3	3,3,3	0,0,0	0,38,174	0,2,0	0,4,0	0,14,0	0,0,0	348.json
4187	5,5,5,6,6,7	6,6,6,6,6,7	5,5,5,6,6,7	0,0,0,0,0,0	0,5,7,14,130,1442	0,2,0,2,0,7	0,4,0,3,0,13	0,16,0,9,0,84	0,0,0,0,0,0	312.json
978	4	4	4	0	0	0	0	0	0	684.json
2875	3,3	3,3	3,3	0,0	0,231	0,2	0,4	0,46	0,0	466.json
4193	4,3,13,13,13,13,14	3,3,8,8,8,8,10	3,3,10,10,10,10,11	0,0,0,0,0,0,0	0,6,6,11,13,136,1448	0,1,13,3,0,0,14	0,3,16,6,0,0,26	0,70,266,32,0,0,198	0,0,0,0,0,0,0	311.json
4602	12,15,12,14,15,18	10,12,10,12,12,15	11,13,11,13,14,17	0,0,0,0,0,0	0,36,38,38,94,1857	0,5,2,4,0,17	0,7,7,6,0,31	0,86,86,56,16,197	0,1,0,0,0,0	436.json
2037	6	6	6	0	0	0	0	0	0	93.json
4770	3,3,4,4,4,4,4,3,3,3,3,3,7	3,3,3,3,3,3,3,3,2,3,3,3,7	3,3,4,4,4,4,4,3,2,3,3,3,7	0,0,0,0,0,0,0,0,0,0,0,0,0	0,206,225,251,260,262,491,497,2406,2406,2409,2426,4324	0,1,4,1,1,4,0,1,3,3,1,1,6	0,2,7,2,2,8,0,3,6,6,2,2,8	0,7,50,6,8,8,0,47,64,69,21,15,191	0,0,0,0,0,0,0,0,0,0,0,0,1	568.json
4172	6,6,6,6,6,3,3,3,3	6,6,4,4,4,3,3,3,3	6,6,6,6,6,3,3,3,3	0,0,0,0,0,1,1,1,1	0,12,44,109,235,1117,1399,2048,2144	0,3,4,1,1,1,1,1,1	0,6,8,2,2,5,2,2,2	0,77,34,9,43,75,44,20,4	0,0,0,0,0,0,0,0,0	745.json
2620	15	12	12	0	0	0	0	0	0	358.json
1086	4	4	4	0	0	0	0	0	0	608.json
3194	4,4,4,5,6,6,7	4,4,4,5,5,5,5	4,4,4,5,6,6,7	0,0,0,0,0,0,0	0,15,72,449,1071,1071,1208	0,0,3,5,6,0,4	0,0,6,9,11,0,7	0,0,26,40,194,0,55	0,0,1,0,0,0,1	111.json
3973	4,3,3,3,3,3,3	3,3,3,3,3,3,3	3,3,3,3,3,3,3	0,0,0,0,0,0,0	0,36,779,780,2820,3235,3610	0,1,1,1,1,1,1	0,3,2,2,2,2,2	0,56,11,11,47,49,14	0,0,0,0,1,0,0	673.json
3987	3	3	3	0	0	0	0	0	0	573.json
2019	3	3	3	0	0	0	0	0	0	835.json
2576	8	8	8	0	0	0	0	0	0	390.json
4509	3,3	3,3	3,3	0,0	0,2	0,0	0,0	0,0	0,0	422.json
4509	7,5,14,14,14,14,5,5,6,6,8,10,10,10,13,14	6,5,12,12,12,12,5,5,6,6,8,10,10,10,13,13	7,5,13,13,13,13,5,5,6,6,8,10,10,10,13,14	0,0,0,0,0,0,0,0,0,0,0,0,0,0,0,0	0,2,217,230,349,592,1240,1271,1764,1953,1960,1973,2035,2385,3438,3889	0,3,12,0,1,1,3,1,6,2,3,3,1,5,4,3	0,8,15,0,2,2,15,2,11,4,4,4,2,10,5,5	0,129,248,0,5,5,246,18,48,26,63,108,8,6,95,58	0,0,0,0,0,0,1,1,0,0,0,0,0,0,0,0	585.json
2597	7,7,7,3,7,7	7,7,7,3,7,7	7,7,7,3,7,7	0,0,0,0,0,0	0,1,5,13,19,20	0,2,7,2,6,1	0,4,14,8,8,2	0,12,68,182,177,13	0,0,0,0,0,0	320.json
2679	3,3	3,3	3,3	0,0	0,561	0,3	0,6	0,25	0,0	295.json
5167	5,5,5,5,3,3,3	5,5,5,5,3,3,3	5,5,5,5,3,3,3	0,0,0,0,0,0,0	0,279,660,2925,2925,3043,3139	0,0,0,3,1,1,1	0,0,0,6,4,2,2	0,0,0,43,83,2,2	0,0,0,0,0,0,0	713.json
7067	3,3,3,3,3,3	3,3,3,3,3,3	3,3,3,3,3,3	0,1,1,1,1,1	0,37,1900,2179,2560,4943	0,2,2,0,0,1	0,4,4,0,0,2	0,37,19,0,0,17	0,0,0,0,0,0	827.json
4602	3,3,3	3,3,3	3,3,3	0,0,0	0,94,2478	0,0,1	0,0,2	0,0,18	0,0,0	367.json
2268	4	3	4	0	0	0	0	0	0	848.json
4666	2,2,2,2,2,5,4,4	2,2,2,2,2,2,2,2	2,2,2,2,2,3,3,3	0,0,0,0,0,0,0,0	0,17,98,99,99,102,156,158	0,0,1,1,1,5,0,0	0,0,2,2,2,7,1,0	0,0,38,13,13,82,50,0	0,0,0,0,0,0,0,0	412.json
3937	3	3	3	0	0	0	0	0	0	406.json
2268	4	3	4	0	0	0	0	0	0	847.json
4386	3	3	3	0	0	0	0	0	0	195.json
2875	3	3	3	0	0	0	0	0	0	456.json
2822	3,3	3,3	3,3	0,0	0,698	0,1	0,2	0,17	0,0	173.json
2875	3	3	3	0	0	0	0	0	0	501.json
3972	3,3	3,3	3,3	0,0	0,1848	0,1	0,2	0,17	0,0	679.json
4666	3,3,3	3,3,3	3,3,3	0,0,0	0,158,2431	0,0,2	0,0,4	0,0,18	0,0,0	856.json
620	5	5	5	0	0	0	0	0	0	813.json
2582	4	3	4	0	0	0	0	0	0	395.json
2822	3,3	3,3	3,3	0,0	0,1	0,2	0,4	0,51	0,0	878.json
2875	3	3	3	0	0	0	0	0	0	480.json
3972	3,3,3,3,3,4,3	3,3,3,3,3,4,3	3,3,3,3,3,4,3	0,0,0,0,0,0,0	0,6,6,50,50,2460,3141	0,1,1,0,0,2,1	0,2,2,0,0,3,3	0,18,10,0,0,53,37	0,0,0,0,0,0,0	263.json
4602	3,3	3,3	3,3	0,0	0,94	0,0	0,0	0,0	0,0	434.json
620	3	3	3	0	0	0	0	0	0	794.json
3614	3,3,3,3	3,3,3,3	3,3,3,3	0,0,0,0	0,159,230,266	0,1,1,1	0,2,2,2	0,18,7,7	0,0,0,1	276.json
4507	3,3,6,3,3,6	3,3,6,3,3,6	3,3,6,3,3,6	0,0,0,0,0,0	0,234,485,492,2273,3421	0,1,4,1,3,4	0,2,5,5,6,5	0,11,135,135,16,141	0,0,0,0,0,0	606.json
2377	5,5,5,5	4,4,4,4	5,5,5,5	0,0,0,0	0,0,0,45	0,0,2,1	0,0,4,2	0,0,18,3	0,0,0,1	319.json
3917	3,3,3	3,3,3	3,3,3	0,0,0	0,975,988	0,1,2	0,2,4	0,16,33	0,0,0	873.json
5167	3,3,3,10,4,5,4,10,4	3,3,3,7,3,5,3,7,3	3,3,3,8,3,5,3,8,4	0,0,0,0,0,0,0,0,0	0,279,660,1002,1402,1405,1419,1509,1884	0,0,0,10,2,1,1,8,2	0,0,0,13,10,7,2,10,10	0,0,0,248,196,55,58,197,203	0,0,0,1,0,0,0,0,1	801.json
5167	3,3,3,3	3,3,3,3	3,3,3,3	0,0,0,0	0,279,397,660	0,0,1,0	0,0,2,0	0,0,7,0	0,0,0,0	756.json
3826	4,3,3	3,3,3	4,3,3	0,0,0	0,35,1148	0,2,2	0,5,4	0,39,59	0,0,0	325.json
4602	5,5,5,5,5,5,11,11	3,4,4,4,4,4,8,8	5,5,5,5,5,5,9,9	0,0,0,0,0,0,0,0	0,35,94,1981,1987,2020,2020,2816	0,2,0,1,1,1,7,1	0,4,0,2,2,2,8,2	0,76,0,65,19,9,212,19	0,0,0,0,0,1,0,1	370.json
2704	8,4,4	8,4,4	8,4,4	0,0,0	0,337,580	0,2,1	0,8,2	0,145,2	0,0,0	271.json
2983	3,3,3,3,3,4,4,3	3,3,3,3,3,4,4,3	3,3,3,3,3,4,4,3	0,0,0,0,0,0,0,0	0,70,161,161,162,1472,1758,2153	0,2,1,1,1,2,1,1	0,4,2,2,2,3,2,3	0,27,24,4,17,53,18,37	0,0,0,0,0,0,1,0	266.json
1412	7	7	7	0	0	0	0	0	0	226.json
4458	15,15,15,16,20,19,13,5,6	12,12,12,12,15,17,11,5,6	15,15,15,16,19,18,12,5,6	0,0,0,0,0,0,0,0,0	0,54,186,346,1665,1838,1838,1871,1892	0,2,1,2,7,13,2,3,3	0,4,2,3,10,27,10,14,5	0,34,15,54,83,424,285,258,60	0,0,0,1,1,0,0,0,0	384.json
4770	3,3,3,3,3,3,3	3,3,3,3,3,3,3	3,3,3,3,3,3,3	1,1,1,1,1,1,1	0,202,239,262,490,490,2646	0,1,0,0,0,0,1	0,2,0,0,0,0,2	0,6,0,0,0,0,18	0,0,0,0,0,0,0	634.json
4545	14,15,15,14,14,14,14,14,17	13,14,14,13,13,13,13,13,16	14,15,15,14,14,14,14,14,17	0,0,0,0,0,0,0,0,0	0,26,37,37,42,159,266,2377,3135	0,2,0,1,1,1,0,1,3	0,3,0,3,2,2,0,2,3	0,100,0,92,16,17,0,151,115	0,0,0,0,0,0,0,0,0	579.json
4406	5,6	5,6	5,6	0,0	0,1661	0,6	0,11	0,48	0,0	199.json
2332	3,3	3,3	3,3	0,0	0,209	0,0	0,0	0,12	0,0	108.json
2087	3	3	3	0	0	0	0	0	0	91.json
2875	4	3	4	0	0	0	0	0	0	518.json
2361	9,8,8	8,8,8	8,8,8	0,0,0	0,17,20	0,4,1	0,9,2	0,61,11	0,0,0	563.json
2123	3,3	3,3	3,3	0,0	0,0	0,0	0,0	0,0	0,0	98.json
2510	7	5	5	0	0	0	0	0	0	776.json
5167	3,3,3,5,3,6,6	3,3,3,5,3,6,6	3,3,3,5,3,6,6	0,0,0,0,0,0,0	0,279,660,1327,1370,2576,3043	0,0,0,4,1,4,1	0,0,0,6,4,5,2	0,0,0,66,62,152,2	0,0,0,0,0,1,0	696.json
4907	5,5,5,5,5,5,5,5,6	5,5,5,5,5,5,5,5,6	5,5,5,5,5,5,5,5,6	0,0,0,0,0,0,0,0,0	0,14,19,137,400,433,501,627,2162	0,1,0,1,0,5,0,0,6	0,2,0,2,0,10,0,0,11	0,6,0,7,0,8,0,0,48	0,1,0,0,0,0,0,0,0	665.json
4406	5,5,6,6	5,5,6,6	5,5,6,6	0,0,0,0	0,20,1661,2282	0,1,6,1	0,2,11,2	0,5,48,2	0,0,0,0	197.json
3826	11,11,11,11,7,11,5	11,11,11,11,7,11,4	11,11,11,11,7,11,5	0,0,0,0,0,0,0	0,212,371,371,442,445,445	0,2,3,2,1,5,3	0,4,6,4,6,6,8	0,12,35,14,95,95,129	0,0,0,0,0,1,0	566.json
6577	3,3,3,6	3,3,3,6	3,3,3,6	0,0,0,0	0,1688,2069,3196	0,0,0,3	0,0,0,3	0,0,0,66	0,0,0,1	891.json
4280	3,3,3,3	3,3,3,3	3,3,3,3	1,1,1,1	0,0,2156,2252	0,0,1,1	0,0,2,2	0,0,18,2	0,0,0,0	619.json
2875	4	3	4	0	0	0	0	0	0	479.json
2037	5	5	5	0	0	0	0	0	0	94.json
1159	3	4	3	0	0	0	0	0	0	20.json
5167	3,3,3,3,3	3,3,3,3,3	3,3,3,3,3	1,1,1,1,1	0,279,660,3043,3139	0,0,0,1,1	0,0,0,2,2	0,0,0,14,2	0,0,0,0,0	712.json
2875	5,6	5,6	5,6	0,0	0,130	0,6	0,11	0,48	0,0	459.json
4666	3,3,3	3,3,3	3,3,3	1,1,1	0,158,309	0,0,3	0,0,6	0,0,3	0,0,0	134.json
2019	4	4	4	0	0	0	0	0	0	833.json
2037	3	3	3	0	0	0	0	0	0	68.json
2620	15	12	12	0	0	0	0	0	0	356.json
6499	3,3,3	3,3,3	3,3,3	0,0,0	0,1610,1991	0,0,0	0,0,0	0,0,0	0,0,0	896.json
2821	4,4,4	4,4,4	4,4,4	0,0,0	0,697,781	0,1,1	0,2,2	0,26,6	0,0,0	165.json
4666	3,3,4,3	3,3,3,3	3,3,3,3	0,0,0,0	0,7,158,158	0,1,1,1	0,2,1,3	0,28,49,56	0,0,0,0	443.json
4666	3,3,3,3	3,3,3,3	3,3,3,3	0,0,0,0	0,7,158,3366	0,1,1,1	0,2,2,2	0,53,35,75	0,0,0,1	446.json
4622	3,3	3,3	3,3	1,1	0,114	0,0	0,0	0,0	0,0	433.json
6577	6,6,6,6,4	6,6,6,6,4	6,6,6,6,4	0,0,0,0,0	0,928,1688,2069,3653	0,1,0,0,1	0,2,0,0,4	0,6,0,0,28	0,0,0,0,1	922.json
978	7	7	7	0	0	0	0	0	0	688.json
2699	4,4,4,4	5,5,5,5	4,4,4,4	0,0,0,0	0,0,1,581	0,1,1,4	0,2,2,8	0,5,23,52	0,1,0,0	293.json
4193	21,25,25,34,3,3,3	22,26,26,33,3,3,3	19,22,22,29,3,3,3	0,0,0,0,0,0,0	0,6,6,11,11,13,26	0,6,5,13,1,0,2	0,8,10,17,33,0,4	0,203,168,190,924,0,13	0,0,0,0,0,0,1	299.json
5167	3,3,3,10,4,5,4,10,4	3,3,3,7,3,5,3,7,3	3,3,3,8,3,5,3,8,4	0,0,0,0,0,0,0,0,0	0,279,660,1002,1402,1405,1419,1509,1884	0,0,0,10,2,1,1,8,2	0,0,0,13,10,7,2,10,10	0,0,0,248,196,55,58,197,203	0,0,0,1,0,0,0,0,1	807.json
1222	13	14	12	0	0	0	0	0	0	451.json
5167	3,3,3,3,3	3,3,3,3,3	3,3,3,3,3	0,0,0,0,0	0,279,660,1002,1884	0,0,0,3,1	0,0,0,6,2	0,0,0,60,49	0,0,0,1,1	808.json
5167	3,3,3	3,3,3	3,3,3	0,0,0	0,279,660	0,0,0	0,0,0	0,0,0	0,0,0	772.json
134	4	3	3	0	0	0	0	0	0	583.json
4507	3,3,3	3,3,3	3,3,3	0,0,0	0,590,3207	0,1,1	0,2,2	0,12,74	0,0,1	452.json
2941	3,3,3,3	3,3,3,3	3,3,3,3	0,0,0,0	0,32,167,168	0,1,1,1	0,2,2,2	0,12,6,10	0,0,0,0	730.json
3199	3,3	3,3	3,3	0,0	0,1075	0,1	0,2	0,18	0,0	641.json
5622	3,3,3,3,3,3	3,3,3,3,3,3	3,3,3,3,3,3	1,0,0,0,0,0	0,455,734,852,1115,3498	0,3,0,0,0,1	0,6,0,0,0,2	0,16,0,0,0,18	0,0,0,0,0,0	29.json
5167	3,3,3,3,3	3,3,3,3,3	3,3,3,3,3	1,1,1,1,1	0,279,660,3043,3139	0,0,0,1,1	0,0,0,2,2	0,0,0,18,2	0,0,0,0,0	711.json
2972	7,7	6,6	6,6	0,0	0,46	0,3	0,6	0,80	0,0	39.json
4502	6,6,6,7,7	6,6,6,7,7	6,6,6,7,7	0,0,0,0,0	0,223,229,1757,3115	0,0,1,7,1	0,0,2,13,2	0,1,6,57,38	0,0,0,0,1	584.json
5167	3,3,3,3,3,3,3,3	3,3,3,3,3,3,3,3	3,3,3,3,3,3,3,3	0,0,0,0,0,0,0,0	0,279,397,599,622,660,888,3043	0,0,0,1,0,0,0,1	0,0,0,2,0,0,0,2	0,0,0,5,0,0,0,18	0,0,0,0,0,0,0,0	575.json
2628	15	14	14	0	0	0	0	0	0	405.json
4650	6,6,6,10,16,17,20	6,6,6,10,16,17,20	6,6,6,10,16,17,20	0,0,0,0,0,0,0	0,28,142,484,489,1905,2226	0,2,0,4,12,17,3	0,4,0,4,18,33,3	0,39,0,163,203,206,111	0,0,0,0,0,0,0	63.json
2875	3	3	3	0	0	0	0	0	0	457.json
4231	3,3	3,3	3,3	0,0	0,38	0,0	0,0	0,0	0,0	722.json
3964	5,5,5,5,7,7,7,8	5,5,5,5,6,6,6,7	5,5,5,5,7,7,7,8	0,0,0,0,0,0,0,0	0,42,42,796,1042,1166,1166,1219	0,0,0,1,3,1,1,8	0,0,0,2,4,2,2,15	0,0,0,8,126,7,14,77	0,0,0,1,1,0,0,0	237.json
4507	3,3,3	3,3,3	3,3,3	0,0,0	0,590,3207	0,1,1	0,2,2	0,12,74	0,0,1	449.json
3998	3	3	3	0	0	0	0	0	0	152.json
6577	9,6,6,6,8,8,8	7,6,6,6,8,8,8	7,6,6,6,8,8,8	0,0,0,0,0,0,0	0,928,1688,2069,3832,4329,4330	0,3,0,0,8,1,1	0,9,0,0,14,2,2	0,272,0,0,74,24,24	0,0,0,0,0,0,0	897.json
5167	3,3,3,3	3,3,3,3	3,3,3,3	0,0,0,0	0,279,660,3043	0,0,0,1	0,0,0,2	0,0,0,18	0,0,0,0	709.json
2875	6,7	5,6	5,6	0,0	0,130	0,7	0,13	0,48	0,0	462.json
3199	11,12,12	10,11,11	11,12,12	0,0,0	0,454,1075	0,12,1	0,23,2	0,128,2	0,0,0	627.json
2046	3	3	3	0	0	0	0	0	0	79.json
6577	3,3,3	3,3,3	3,3,3	0,0,0	0,1688,2069	0,0,0	0,0,0	0,0,0	0,0,0	920.json
4852	3,3,3,3,3	3,3,3,3,3	3,3,3,3,3	1,1,1,1,1	0,28,345,446,2728	0,1,0,0,1	0,2,0,0,2	0,35,0,0,24	0,0,0,0,0	188.json
3432	4,4,9,8	3,3,5,6	4,4,7,8	0,0,0,0	0,219,1446,2454	0,3,8,6	0,6,11,13	0,25,219,157	0,0,0,0	548.json
6503	48,40,38,38,3,3,3	38,35,33,33,3,3,3	40,35,33,33,3,3,3	0,0,0,0,1,1,1	0,4,70,71,855,1614,1995	0,4,4,2,1,0,0	0,16,10,4,37,0,0	0,237,157,63,850,0,0	0,0,1,0,0,0,0	925.json
5167	3,3,3	3,3,3	3,3,3	0,0,0	0,279,660	0,0,0	0,0,0	0,0,0	0,0,0	836.json
3972	3,3	3,3	3,3	1,1	0,1848	0,1	0,2	0,17	0,0	676.json
1186	7	3	5	0	0	0	0	0	0	346.json
5167	6,7,6,6,6,6,6,7	6,7,6,6,6,6,6,7	6,7,6,6,6,6,6,7	0,0,0,0,0,0,0,0	0,260,274,279,660,1007,1077,2422	0,2,2,0,0,1,1,7	0,3,5,0,0,2,2,13	0,34,37,0,0,6,6,57	0,1,1,0,0,0,0,0	690.json
4182	5,5,3,3,3	5,5,3,3,3	5,5,3,3,3	0,0,0,0,0	0,2,125,132,133	0,0,2,1,2	0,0,6,2,4	0,0,111,19,34	0,0,0,0,0	297.json
2821	4,4,4	4,4,4	4,4,4	0,0,0	0,697,781	0,1,1	0,2,2	0,25,6	0,0,0	167.json
4404	7	7	7	0	0	0	0	0	0	364.json
4649	3,3,3,3,3,3	3,3,3,3,3,3	3,3,3,3,3,3	1,1,0,1,1,1	0,47,82,85,141,2009	0,0,1,1,0,1	0,0,2,2,0,2	0,0,11,11,0,65	0,0,0,0,0,0	397.json
3826	3,3,3,3,3	3,3,3,3,3	3,3,3,3,3	0,0,0,0,0	0,35,1148,1228,1229	0,1,1,3,3	0,2,2,6,6	0,13,43,30,30	0,0,0,0,0	330.json
4770	3,3,4,4,4,4,4,3,3,3,3,3,7	3,3,3,3,3,3,3,3,2,3,3,3,7	3,3,4,4,4,4,4,3,2,3,3,3,7	0,0,0,0,0,0,0,0,0,0,0,0,0	0,206,225,251,260,262,491,497,2406,2406,2409,2426,4324	0,1,4,1,1,4,0,1,3,3,1,1,6	0,2,7,2,2,8,0,3,6,6,2,2,8	0,7,50,6,8,8,0,47,64,69,21,15,191	0,0,0,0,0,0,0,0,0,0,0,0,1	570.json
3194	4,4,4,5,6,6,7	4,4,4,5,5,5,5	4,4,4,5,6,6,7	0,0,0,0,0,0,0	0,15,72,449,1071,1071,1208	0,0,3,5,6,0,4	0,0,6,9,11,0,7	0,0,26,40,194,0,55	0,0,1,0,0,0,1	112.json
2390	51,38,23,27,24	42,30,19,21,18	40,27,17,21,18	0,0,0,0,0	0,6,8,266,347	0,9,18,6,2	0,31,51,10,7	0,630,727,42,94	0,0,0,0,0	87.json
4666	3,3	3,3	3,3	0,0	0,158	0,0	0,0	0,0	0,0	849.json
2368	3,3,3	3,3,3	3,3,3	0,0,0	0,244,1298	0,1,1	0,2,2	0,2,10	0,0,0	267.json
5167	4,4,4,4,4,4,4,4	4,4,4,4,4,4,4,4	4,4,4,4,4,4,4,4	0,0,0,0,0,0,0,0	0,279,397,660,660,693,781,4008	0,0,0,0,3,3,1,1	0,0,0,0,6,6,2,2	0,0,0,0,80,28,10,31	0,0,0,0,0,0,0,1	32.json
5062	14,14,14,15,15,15,15,15	14,14,14,15,15,15,15,15	14,14,14,15,15,15,15,15	0,0,0,0,0,0,0,0	0,173,554,2317,2819,2832,2938,3034	0,0,0,15,9,1,3,3	0,0,0,29,18,2,6,6	0,0,0,133,63,5,6,6	0,0,0,0,0,0,0,0	27.json
2597	3,3,3,3,3,3	3,3,3,3,3,3	3,3,3,3,3,3	0,0,0,0,0,0	0,1,5,13,20,349	0,3,2,1,1,1	0,6,4,2,2,2	0,64,48,3,7,8	0,0,0,0,0,1	314.json
5167	3,3,3,3,3,3,3	3,3,3,3,3,3,3	3,3,3,3,3,3,3	0,0,0,0,0,0,0	0,279,649,660,665,693,781	0,0,1,0,1,1,1	0,0,2,0,2,2,2	0,0,14,0,15,5,17	0,0,0,0,0,0,0	703.json
1159	22	21	21	0	0	0	0	0	0	8.json
4458	9,9,8,9,9,8,12,16,18,7	7,7,6,7,7,7,10,13,15,7	9,9,8,9,9,8,11,13,15,7	0,0,0,0,0,0,0,0,0,0	0,186,1665,1713,1725,1838,1871,1871,1873,1876	0,1,2,9,1,1,5,12,12,2	0,2,5,17,2,3,6,20,22,15	0,12,52,93,17,47,195,296,143,408	0,0,1,0,0,0,0,0,0,0	383.json
2037	3	3	3	0	0	0	0	0	0	41.json
4502	3,3	3,3	3,3	0,0	0,2378	0,1	0,2	0,18	0,0	691.json
4406	7,7,11	7,7,11	7,7,11	0,0,0	0,126,3786	0,0,5	0,0,6	0,0,184	0,0,0	663.json
5167	3,3,3,3	3,3,3,3	3,3,3,3	0,0,0,0	0,279,660,665	0,0,0,1	0,0,0,2	0,0,0,13	0,0,0,0	766.json
2035	3	3	3	0	0	0	0	0	0	214.json
1301	3	3	3	0	0	0	0	0	0	733.json
2037	3	3	3	0	0	0	0	0	0	45.json
2698	3,3,3,3,3	3,3,3,3,3	3,3,3,3,3	0,0,0,0,0	0,1,19,574,580	0,1,1,1,1	0,2,2,2,2	0,3,7,3,7	0,0,0,0,0	288.json
2875	3	3	3	0	0	0	0	0	0	463.json
4056	3,3,3	3,3,3	3,3,3	0,0,0	0,121,125	0,1,1	0,2,2	0,9,0	0,0,0	313.json
4666	12,12	12,12	12,12	0,0	0,158	0,0	0,0	0,2	0,0	438.json
2852	3,3,11,15,3	3,3,10,13,3	3,3,11,15,3	0,0,0,0,0	0,54,1659,1674,1674	0,1,9,9,1	0,2,10,14,14	0,19,330,206,486	0,0,1,1,1	239.json
2822	3,3	3,3	3,3	0,0	0,1	0,0	0,0	0,0	0,0	256.json
7067	4,4,4,4,4,4,4,4,4	4,4,4,4,4,4,4,4,4	4,4,4,4,4,4,4,4,4	0,0,0,0,0,0,0,0,0	0,37,1900,2179,2271,2297,2560,4833,4943	0,0,4,0,4,0,0,2,1	0,0,8,0,8,0,0,4,2	0,0,84,0,5,0,0,43,2	0,0,0,0,0,0,0,0,0	52.json
1412	8	9	8	0	0	0	0	0	0	157.json
6577	3,3,3,3	3,3,3,3	3,3,3,3	0,0,0,0	0,879,1688,2069	0,1,0,0	0,2,0,0	0,24,0,0	0,0,0,0	903.json
2597	3,3,3,3,3,3	3,3,3,3,3,3	3,3,3,3,3,3	0,0,0,0,0,0	0,1,5,13,20,349	0,3,2,1,1,1	0,6,4,2,2,2	0,52,45,3,7,8	0,0,0,0,0,1	316.json
4172	3	3	3	0	0	0	0	0	0	720.json
4504	17,16,10,10,9,9	14,14,8,8,8,8	15,15,9,9,8,8	0,0,0,0,0,0	0,2,2,30,98,224	0,0,4,10,1,1	0,1,14,20,3,2	0,84,248,18,4,7	0,0,0,0,0,0	667.json
2268	4	3	4	0	0	0	0	0	0	846.json
4507	3,3,3	3,3,3	3,3,3	0,0,0	0,228,1951	0,0,1	0,0,2	0,0,42	0,0,0	587.json
1300	16	12	12	0	0	0	0	0	0	136.json
5167	3,3,3,3,3,3,3	3,3,3,3,3,3,3	3,3,3,3,3,3,3	0,0,0,0,0,0,0	0,279,649,660,665,693,781	0,0,1,0,1,1,1	0,0,2,0,2,2,2	0,0,14,0,15,5,17	0,0,0,0,0,0,0	706.json
3150	5,5,5,5,3,3,3,7,6,7	4,6,6,6,3,3,3,7,6,7	3,5,5,5,3,3,3,7,6,7	0,0,0,0,0,0,0,0,0,0	0,24,24,26,177,224,278,278,279,405	0,3,2,2,3,1,1,5,1,2	0,6,4,4,8,2,2,6,3,3	0,109,2,56,163,5,32,149,16,16	0,0,0,0,1,0,0,0,0,0	37.json
2037	9	9	9	0	0	0	0	0	0	69.json
4650	6,6,6,6	6,6,6,6	6,6,6,6	0,0,0,0	0,28,142,489	0,2,0,2	0,4,0,4	0,42,0,10	0,0,0,0	64.json
4733	3,3	3,3	3,3	0,0	0,225	0,0	0,0	0,0	0,0	741.json
4666	3,3,4,3	3,3,3,3	3,3,3,3	0,0,0,0	0,7,158,158	0,1,1,1	0,2,1,3	0,28,49,56	0,0,0,0	453.json
5167	7,7,7,7,7,7	7,7,7,7,7,7	7,7,7,7,7,7	0,0,0,0,0,0	0,279,397,545,660,1104	0,0,0,2,0,1	0,0,0,4,0,2	0,0,7,48,0,13	0,0,0,0,0,0	53.json
4273	6,7,7,7,7	5,7,7,7,7	6,7,7,7,7	0,0,0,0,0	0,1528,2149,2364,2846	0,7,2,1,1	0,13,4,2,2	0,57,4,8,4	0,0,0,1,0	124.json
2875	3	3	3	0	0	0	0	0	0	488.json
5167	3,3,3,3,3,3,3,3,3,3	3,3,3,3,3,3,3,3,3,3	3,3,3,3,3,3,3,3,3,3	0,0,0,0,0,0,0,0,0,0	0,279,397,599,622,637,660,851,866,894	0,0,0,1,2,1,0,0,0,1	0,0,0,2,4,2,0,0,0,2	0,0,0,5,35,8,0,0,0,9	0,0,0,0,0,0,0,0,0,0	529.json
3436	8,8,8,8,8	7,7,7,7,7	8,8,8,8,8	0,0,0,0,0	0,60,1312,1408,2209	0,6,2,2,1	0,12,4,4,2	0,60,72,4,1	0,0,0,0,0	621.json
3972	3,3,3,3,3,4,4,4	3,3,3,3,3,3,3,3	3,3,3,3,3,4,4,4	0,0,0,0,0,0,0,0	0,41,41,50,50,532,588,624	0,1,1,0,0,2,1,1	0,2,2,0,0,3,2,2	0,15,9,0,0,39,7,7	0,0,1,0,0,0,0,1	261.json
6577	3,3,3	3,3,3	3,3,3	0,0,0	0,1688,2069	0,0,0	0,0,0	0,0,0	0,0,0	898.json
5167	3,3,3,3,3,3,3	3,3,3,3,3,3,3	3,3,3,3,3,3,3	0,0,0,0,0,0,0	0,279,649,660,665,693,781	0,0,1,0,1,1,1	0,0,2,0,2,2,2	0,0,14,0,15,5,17	0,0,0,0,0,0,0	704.json
1412	3,3	3,3	3,3	0,0	0,0	0,3	0,6	0,24	0,0	156.json
4193	7,7,7,7,10,10,10,13	6,6,6,6,9,9,9,13	7,7,7,7,10,10,10,13	0,0,0,0,0,0,0,0	0,13,129,241,257,444,535,1448	0,0,1,1,6,7,7,13	0,0,2,2,9,14,14,23	0,0,6,6,219,105,105,160	0,0,0,0,0,0,0,0	306.json
4545	9,9,9,9,9,6,8,6,7,9,9,9,9,10	9,9,9,9,9,6,8,6,7,9,9,9,9,10	9,9,9,9,9,6,8,6,7,9,9,9,9,10	0,0,0,0,0,0,0,0,0,0,0,0,0,0	0,14,26,35,37,37,266,272,719,2181,2181,2201,2204,4099	0,1,7,1,6,5,4,3,1,6,1,5,1,1	0,2,14,2,12,13,6,10,1,10,2,10,2,1	0,8,42,8,12,149,182,227,40,143,35,33,10,59	0,0,0,0,0,0,0,0,0,0,0,0,0,1	562.json
2037	3	3	3	0	0	0	0	0	0	130.json
4602	3,3,3,3	3,3,3,3	3,3,3,3	0,0,0,0	0,29,34,94	0,0,0,0	0,0,0,0	0,0,3,0	0,0,0,0	419.json
2875	4	3	4	0	0	0	0	0	0	491.json
5167	4,4,4	4,4,4	4,4,4	0,0,0	0,279,660	0,0,0	0,0,0	0,0,0	0,0,0	761.json
1159	3	3	3	0	0	0	0	0	0	22.json
2109	12	11	12	0	0	0	0	0	0	783.json
4502	8	9	8	0	0	0	0	0	0	768.json
1824	7	7	7	0	0	0	0	0	0	613.json
2620	3,3	3,3	3,3	0,0	0,496	0,1	0,2	0,4	0,0	394.json
6577	3,3,3	3,3,3	3,3,3	0,0,0	0,1688,2069	0,0,0	0,0,0	0,0,0	0,0,0	889.json
5167	3,3,3,3,3,3,3,3,3,3,3,3,3	3,3,3,3,3,3,3,3,3,3,3,3,3	3,3,3,3,3,3,3,3,3,3,3,3,3	0,0,0,0,0,0,0,0,0,0,0,1,1	0,279,315,343,397,565,599,637,660,887,887,895,3043	0,0,2,2,2,1,1,0,0,0,0,2,1	0,0,4,4,4,2,2,0,0,0,0,4,2	0,0,10,10,21,5,5,0,0,0,0,42,18	0,0,0,0,0,0,0,0,0,0,0,0,0	648.json
4564	10,10,9,9	7,7,7,7	9,9,9,9	0,0,0,0	0,0,54,56	0,1,5,0	0,2,11,0	0,19,137,0	0,1,0,0	427.json
1159	3	4	3	0	0	0	0	0	0	19.json
4624	3,3	3,3	3,3	1,1	0,116	0,0	0,0	0,0	0,0	432.json
2037	12	12	12	0	0	0	0	0	0	120.json
3826	9,6,6,6,3,7,7,6,5,5,6	9,5,5,5,3,5,5,6,5,5,6	9,6,6,6,3,5,5,6,5,5,6	0,0,0,0,0,0,0,0,0,0,0	0,212,371,371,628,704,1323,1328,1339,1702,2848	0,4,2,2,1,5,1,2,0,2,4	0,11,4,4,5,6,2,5,1,4,7	0,93,33,21,116,131,59,75,50,4,120	0,0,0,0,1,1,0,0,0,0,0	567.json
3383	7,6,7	5,4,6	7,6,7	0,0,0	0,3,638	0,1,7	0,3,13	0,66,61	0,0,0	219.json
620	6	6	6	0	0	0	0	0	0	811.json
5167	3,3,3,3,3,3,3	3,3,3,3,3,3,3	3,3,3,3,3,3,3	0,0,0,0,0,0,0	0,279,649,660,665,693,781	0,0,1,0,1,1,1	0,0,2,0,2,2,2	0,0,14,0,15,5,17	0,0,0,0,0,0,0	708.json
2146	6	6	6	0	0	0	0	0	0	866.json
5167	7,7,7,6,6,7,7,7	6,6,6,6,6,7,7,7	7,7,7,6,6,7,7,7	0,0,0,0,0,0,0,0	0,279,660,1898,2226,2422,3043,3139	0,0,0,1,1,7,1,1	0,0,0,3,2,13,2,2	0,0,0,45,28,56,4,4	0,0,0,1,0,0,0,0	739.json
2821	3,3,3	3,3,3	3,3,3	0,0,0	0,781,1595	0,1,1	0,2,2	0,34,18	0,0,1	168.json
3194	6,5,5,5,5,6,5,5	6,5,5,5,5,6,5,5	6,5,5,5,5,6,5,5	0,0,0,0,0,0,0,0	0,1,15,72,95,861,1071,1071	0,0,0,4,1,1,3,0	0,1,0,8,2,1,7,0	0,34,0,38,11,77,126,0	0,0,0,1,1,0,0,0	97.json
2677	3	3	3	0	0	0	0	0	0	328.json
4271	3	3	3	0	0	0	0	0	0	536.json
5167	3,3,3,3,3,3,3	3,3,3,3,3,3,3	3,3,3,3,3,3,3	0,0,0,0,0,0,0	0,279,649,660,665,693,781	0,0,1,0,1,1,1	0,0,2,0,2,2,2	0,0,14,0,15,5,17	0,0,0,0,0,0,0	707.json
4977	3,3,3	4,4,4	3,3,3	0,0,0	0,88,469	0,0,0	0,0,0	0,0,0	0,0,0	28.json
5167	13,20,20,20,20,20,21,21,21,20,20,22,22,52,52,20,16,11,11,10	12,18,18,18,18,18,18,18,18,18,18,22,22,50,50,15,12,8,8,7	13,20,20,20,20,20,20,20,20,20,20,22,22,49,49,15,12,8,8,7	0,0,0,0,0,0,0,0,0,0,0,0,0,0,0,0,0,0,0,0	0,154,274,279,603,660,936,974,1007,1230,2148,2422,2516,2570,2571,2575,2583,2601,2657,2657	0,8,1,0,4,0,2,1,1,0,1,22,1,35,3,7,2,1,1,2	0,9,2,0,8,0,3,2,2,1,2,42,2,40,6,46,8,7,2,5	0,313,6,0,32,0,60,19,10,51,6,238,3,1547,37,1855,281,158,6,57	0,1,1,0,0,0,0,0,0,0,0,0,1,0,0,0,0,0,0,0	751.json
4564	3,3,3,3,3,3	3,3,3,3,3,3	3,3,3,3,3,3	1,1,1,1,1,1	0,56,1127,1187,2440,2536	0,0,0,1,1,1	0,0,0,2,2,2	0,0,0,30,18,2	0,0,0,0,0,0	620.json
2875	4	3	4	0	0	0	0	0	0	485.json
4666	3,11,11	3,12,12	3,10,10	0,0,0	0,7,158	0,10,0	0,12,0	0,248,0	0,0,0	448.json
5167	3,3,3,11,10,3	3,3,3,3,9,3	3,3,3,3,9,3	0,0,0,0,0,0	0,279,660,985,985,995	0,0,0,8,8,1	0,0,0,8,17,9	0,0,0,195,40,179	0,0,0,0,0,0	755.json
1908	10	10	10	0	0	0	0	0	0	126.json
2620	15	12	12	0	0	0	0	0	0	357.json
2789	3,3	3,3	3,3	0,0	0,2494	0,1	0,2	0,31	0,0	850.json
1412	12	12	12	0	0	0	0	0	0	155.json
4458	9,9,9,10,9,9,13,5,17,18,20	6,6,6,8,8,8,11,5,17,17,17	8,8,8,9,8,8,11,5,17,17,19	0,0,0,0,0,0,0,0,0,0,0	0,54,1665,1713,1838,1871,1873,1876,1876,1882,1892	0,1,2,10,1,1,8,2,13,5,4	0,2,4,19,3,2,12,8,14,13,6	0,28,39,112,48,10,218,337,497,359,119	0,0,1,0,0,0,0,1,0,0,0	382.json
6577	3,3,3	3,3,3	3,3,3	0,0,0	0,1688,2069	0,0,0	0,0,0	0,0,0	0,0,0	913.json
4231	3,3,3	3,3,3	3,3,3	0,0,0	0,38,174	0,2,0	0,4,0	0,14,0	0,0,0	347.json
5167	3,3,3,3,5,3,3,3	3,3,3,3,5,3,3,3	3,3,3,3,5,3,3,3	0,0,0,0,0,0,0,0	0,279,660,2207,2484,2486,2933,3043	0,0,0,1,3,1,3,1	0,0,0,2,4,4,6,2	0,0,0,38,212,184,12,2	0,0,0,1,0,0,0,0	603.json
3964	3,3,3	3,3,3	3,3,3	0,0,0	0,42,42	0,0,0	0,0,0	0,0,0	0,0,0	235.json
2382	9,7	9,7	9,7	0,0	0,1	0,2	0,6	0,89	0,0	86.json
5167	10,10,10,10,11,11,12	9,9,9,9,10,10,10	9,9,9,9,10,10,12	0,0,0,0,0,0,0	0,279,660,833,2422,2954,3021	0,0,0,1,10,4,9	0,0,0,2,19,8,17	0,0,0,6,122,20,314	0,0,0,0,0,0,0	861.json
4502	3	3	3	1	0	0	0	0	0	767.json
620	7	7	7	0	0	0	0	0	0	817.json
3380	3	3	3	0	0	0	0	0	0	218.json
5648	8,8,8,10	8,8,8,10	8,8,8,10	0,0,0,0	0,759,1140,2903	0,0,0,10	0,0,0,18	0,0,0,91	0,0,0,0	880.json
2019	9,10	9,10	9,10	0,0	0,1348	0,1	0,1	0,74	0,0	837.json
2087	7	7	7	0	0	0	0	0	0	227.json
4568	4,3,3,3,4,4,4,4,4,6,6,7	4,3,3,3,3,3,3,3,3,4,4,4	4,3,3,3,4,4,4,4,4,6,6,7	0,0,0,0,0,0,0,0,0,0,0,0	0,1,4,4,37,60,129,252,267,289,295,581	0,2,2,2,2,0,1,0,0,3,2,2	0,5,4,4,4,0,2,0,0,4,4,3	0,35,38,20,44,0,7,0,0,98,16,36	0,0,0,0,0,0,0,0,0,0,0,0	545.json
2332	3,3	3,3	3,3	1,1	0,208	0,1	0,2	0,1	0,0	678.json
6577	3,3,3,3	3,3,3,3	3,3,3,3	0,0,0,0	0,1688,2069,4329	0,0,0,1	0,0,0,2	0,0,0,36	0,0,0,0	911.json
1159	14	14	12	0	0	0	0	0	0	16.json
620	3	3	3	1	0	0	0	0	0	821.json
4272	7,7,8	4,4,6	6,6,7	0,0,0	0,0,1527	0,1,7	0,2,13	0,15,61	0,0,0	560.json
4666	3,11,12,11,11,12	3,12,12,12,12,13	3,10,10,10,10,11	0,0,0,0,0,0	0,7,158,158,3366,3443	0,10,4,1,3,1	0,12,7,3,6,1	0,248,114,56,155,22	0,0,0,0,1,1	454.json
4231	3,3	3,3	3,3	0,0	0,38	0,2	0,4	0,23	0,0	750.json
4564	5,3,3,6,6,6,6	3,3,3,5,5,5,5	4,3,3,6,6,6,6	0,0,0,0,0,0,0	0,24,54,56,77,292,2440	0,1,1,5,1,1,1	0,4,2,7,2,2,2	0,81,9,171,15,14,54	0,0,0,0,0,0,0	377.json
4572	5,5,5,5,5,5,5,5,5,5,5,6,5,6,6	3,3,3,3,3,3,3,3,3,3,3,4,4,4,5	5,5,5,5,5,5,5,5,5,5,5,6,5,6,6	0,0,0,0,0,0,0,0,0,0,0,0,0,0,0	0,1,1,4,4,5,8,41,64,64,256,264,271,300,3436	0,1,1,3,3,1,2,2,0,1,0,2,2,1,2	0,2,2,6,6,2,4,4,0,2,0,3,5,2,4	0,6,12,56,51,26,19,54,0,5,0,80,57,28,149	0,0,1,0,0,0,0,0,0,0,0,0,0,0,0	543.json
3150	11,18,18,11,10,10	11,19,19,13,8,8	9,17,17,11,8,8	0,0,0,0,0,0	0,24,24,26,177,224	0,10,4,2,6,1	0,13,8,11,13,2	0,319,68,301,274,23	0,0,0,0,1,0	38.json
1301	5	5	5	0	0	0	0	0	0	623.json
5167	7,7,7,6,3	7,7,7,6,3	7,7,7,6,3	0,0,0,0,1	0,279,660,2925,3757	0,0,0,1,1	0,0,0,3,5	0,0,0,82,164	0,0,0,0,0	714.json
2402	4	4	4	0	0	0	0	0	0	4.json
4666	8,8,4,4	7,7,3,3	8,8,4,4	0,0,0,0	0,17,156,158	0,0,2,0	0,0,8,0	0,0,183,0	0,0,0,0	425.json
6559	5,5,5	3,3,3	3,3,3	0,0,0	0,1670,2051	0,0,0	0,0,0	0,0,0	0,0,0	936.json
5648	3,3,3	3,3,3	3,3,3	0,0,0	0,759,1140	0,0,0	0,0,0	0,0,0	0,0,0	883.json
4301	5,6,6	5,6,6	5,6,6	0,0,0	0,1556,1576	0,6,6	0,11,11	0,48,0	0,0,1	550.json
4602	7,7,8,8,9,7,8,7	5,5,5,5,6,5,5,5	7,7,8,8,9,7,8,7	0,0,0,0,0,0,0,0	0,29,34,35,36,38,94,2406	0,0,0,2,5,5,0,1	0,0,0,4,9,12,0,3	0,0,12,37,123,150,15,134	0,0,0,0,0,0,0,1	411.json
4406	3	3	3	0	0	0	0	0	0	198.json
2875	3	3	3	0	0	0	0	0	0	474.json
5167	3,3,3	3,3,3	3,3,3	0,0,0	0,279,660	0,0,0	0,0,0	0,0,0	0,0,0	770.json
1301	5	5	5	0	0	0	0	0	0	622.json
4502	3,3	3,3	3,3	0,0	0,229	0,2	0,4	0,12	0,0	693.json
4474	3,3,3,3	3,3,3,3	3,3,3,3	0,0,0,0	0,68,158,3423	0,3,1,1	0,6,2,2	0,60,5,32	0,0,0,0	200.json
4666	4,4,4,5	4,4,4,5	4,4,4,5	0,0,0,0	0,158,309,1921	0,0,3,5	0,0,6,9	0,0,43,39	0,0,0,0	854.json
1051	11	11	11	0	0	0	0	0	0	10.json
1031	3	3	3	0	0	0	0	0	0	595.json
1300	22	18	18	0	0	0	0	0	0	143.json
2821	4,4	4,4	4,4	0,0	0,697	0,1	0,2	0,25	0,0	163.json
4572	3,9,3,3,3,3,3,3,3,3,3,3	3,9,3,3,3,3,3,3,3,3,3,3	3,9,3,3,3,3,3,3,3,3,3,3	0,0,0,0,0,0,0,0,0,0,0,0	0,1,1,4,4,5,8,41,64,256,271,299	0,7,2,2,2,2,2,1,0,0,0,1	0,8,10,4,4,4,4,2,0,0,0,2	0,163,165,30,11,19,14,8,0,0,0,8	0,0,1,0,0,0,0,0,0,0,0,0	542.json
4231	5,5,5,5,5,5	3,3,3,4,4,4	5,5,5,5,5,5	0,0,0,0,0,0	0,38,174,237,246,2107	0,1,0,4,1,1	0,2,0,8,2,2	0,20,0,74,12,43	0,0,0,0,0,0	352.json
4564	17,19,17,17,17,21,22,22,21,17,16,17,17,17	16,18,16,16,16,20,21,21,20,16,15,17,17,17	17,19,17,17,17,21,22,22,21,17,16,17,17,17	0,0,0,0,0,0,0,0,0,0,0,0,0,0	0,0,0,33,56,105,125,263,285,600,1428,1819,2440,3478	0,2,0,2,0,8,1,0,1,5,0,17,3,1	0,2,2,4,0,12,1,0,3,14,1,33,6,2	0,124,124,16,0,170,56,0,57,116,18,196,6,20	0,0,1,0,0,0,0,0,0,0,1,0,0,0	72.json
2822	5,5	5,5	5,5	0,0	0,698	0,1	0,2	0,33	0,0	175.json
5167	3,3,3,3,3,3,3	3,3,3,3,3,3,3	3,3,3,3,3,3,3	0,0,0,0,0,0,0	0,279,649,660,665,693,781	0,0,1,0,1,1,1	0,0,2,0,2,2,2	0,0,14,0,15,5,17	0,0,0,0,0,0,0	700.json
3095	7,7,8,8,9	6,6,6,6,6	7,7,8,8,9	0,0,0,0,0	0,134,137,1120,2009	0,1,2,8,3	0,2,3,16,5	0,6,19,117,83	0,1,0,0,0	602.json
134	7	6	7	0	0	0	0	0	0	825.json
1159	3	4	3	0	0	0	0	0	0	18.json
2616	4	3	4	0	0	0	0	0	0	475.json
1086	9	8	9	0	0	0	0	0	0	592.json
5167	3,3,3	3,3,3	3,3,3	1,1,1	0,279,660	0,0,0	0,0,0	0,0,0	0,0,0	716.json
6577	3,3,3	3,3,3	3,3,3	0,0,0	0,1688,2069	0,0,0	0,0,0	0,0,0	0,0,0	916.json
2677	8,8,8	8,8,8	8,8,8	0,0,0	0,838,1491	0,1,1	0,2,2	0,4,6	0,0,0	339.json
3964	3,3,3,6	3,3,3,6	3,3,3,6	1,1,1,0	0,42,42,796	0,0,0,3	0,0,0,3	0,0,0,113	0,0,0,1	243.json
1228	4	4	4	0	0	0	0	0	0	516.json
3973	3,3	3,3	3,3	1,1	0,1849	0,1	0,2	0,17	0,0	671.json
3622	4	3	4	0	0	0	0	0	0	668.json
5167	3,3,3	3,3,3	3,3,3	1,1,1	0,279,660	0,0,0	0,0,0	0,0,0	0,0,0	752.json
2875	8,10	7,9	7,9	0,0	0,130	0,10	0,18	0,80	0,0	495.json
4235	9,9,9,9,9,9,8,8,8,8,3	10,10,10,10,10,10,9,9,9,9,3	9,9,9,9,9,9,8,8,8,8,3	0,0,0,0,0,0,0,0,0,0,0	0,4,42,178,241,241,241,241,248,313,1477	0,0,0,0,1,1,4,1,8,1,2	0,0,0,0,2,2,9,2,16,2,9	0,0,0,0,23,2,110,5,70,15,140	0,0,0,0,0,0,0,0,0,0,0	349.json
3964	7,15,15,17,17	7,7,7,9,9	7,7,7,9,9	0,0,0,0,0	0,527,580,1219,1562	0,9,1,16,2	0,10,2,30,4	0,317,5,148,40	0,0,1,0,0	625.json
1159	6	5	6	0	0	0	0	0	0	13.json
6573	10,10,10,10,10,11	11,11,11,11,11,12	10,10,10,10,10,11	0,0,0,0,0,0	0,14,1405,1684,2065,3828	0,2,2,0,0,11	0,4,4,0,0,21	0,12,27,0,0,101	0,0,0,0,0,0	934.json
2037	7	7	7	0	0	0	0	0	0	95.json
3826	4,3,6,3	3,3,6,3	4,3,6,3	0,0,0,0	0,35,1148,2639	0,2,5,1	0,5,7,5	0,39,201,131	0,0,0,0	323.json
3776	4,4,3,4,7,13,7,6,7,4	3,3,3,3,6,6,6,6,7,4	3,3,3,3,6,6,6,6,7,4	0,0,0,0,0,0,0,0,0,0	0,11,49,118,308,308,321,344,1031,1099	0,1,1,2,4,6,1,1,7,3	0,2,3,3,5,6,8,3,13,9	0,31,86,74,99,215,212,42,85,73	0,0,0,0,0,0,0,0,0,0	337.json
2035	7	3	7	0	0	0	0	0	0	209.json
6577	3,3,3	3,3,3	3,3,3	0,0,0	0,1688,2069	0,0,0	0,0,0	0,0,0	0,0,0	888.json
5167	3,3,3,3,3	3,3,3,3,3	3,3,3,3,3	1,1,1,1,1	0,279,660,2954,3139	0,0,0,1,1	0,0,0,2,2	0,0,0,20,4	0,0,0,0,0	858.json
1300	3	3	3	0	0	0	0	0	0	141.json
6577	3,3,3,4,4,4,4,5	3,3,3,4,4,4,4,5	3,3,3,4,4,4,4,5	0,0,0,0,0,0,0,0	0,1688,2069,2692,2759,3653,3685,3832	0,0,0,2,1,1,2,5	0,0,0,3,2,2,4,9	0,0,0,76,20,37,58,41	0,0,0,1,1,1,0,0	915.json
2822	4,4	3,3	4,4	0,0	0,1	0,3	0,6	0,39	0,0	178.json
3122	3	3	3	0	0	0	0	0	0	539.json
620	3	3	3	0	0	0	0	0	0	823.json
4128	3,3	3,3	3,3	1,1	0,1073	0,1	0,2	0,41	0,0	746.json
2295	3,3	3,3	3,3	0,0	0,171	0,1	0,2	0,2	0,0	637.json
4602	23,23,24,25,25,20,18,18,19,15,20,22,10,10,32,80,11,80,78,88,86,57,45,45,42,42,42,42,42,42,42,47,46,46,46	20,20,20,21,21,14,14,14,13,13,21,21,7,7,23,57,8,57,57,57,56,37,37,37,37,37,37,37,37,37,37,41,41,41,41	23,23,23,24,24,17,17,17,15,14,20,20,9,9,23,53,10,53,53,57,56,38,37,37,37,37,37,37,37,37,37,40,39,39,39	0,0,0,0,0,0,0,0,0,0,0,0,0,0,0,0,0,0,0,0,0,0,0,0,0,0,0,0,0,0,0,0,0,0,0	0,29,30,31,31,34,34,35,35,35,36,36,38,38,38,38,42,57,62,71,83,83,92,94,94,139,198,286,310,329,330,2020,2406,2478,3551	0,0,23,4,1,5,1,3,4,3,18,2,9,1,24,48,1,70,0,32,0,45,5,1,2,1,1,1,1,4,1,7,1,1,1	0,0,45,7,2,15,4,6,7,10,31,2,30,2,26,48,71,71,2,54,2,119,22,2,4,2,2,2,2,8,2,9,3,2,2	0,0,88,112,6,265,81,41,132,322,373,70,464,7,789,1348,2093,2111,50,189,66,767,514,9,96,15,9,5,15,23,4,1006,114,2,15	0,0,0,0,1,0,0,0,0,0,0,1,0,0,0,1,0,0,0,0,0,0,0,0,0,0,0,0,0,0,0,1,1,0,0	416.json
3790	4,4,4	4,4,4	4,4,4	0,0,0	0,1113,1459	0,3,1	0,6,2	0,77,30	0,0,1	340.json
2875	17,4	15,3	17,4	0,0	0,53	0,1	0,8	0,495	0,0	521.json
1922	4	4	4	0	0	0	0	0	0	231.json
2875	3	3	3	0	0	0	0	0	0	490.json
3964	7,7,7,9,10,15,16	6,6,6,9,10,13,14	7,7,7,9,10,13,14	0,0,0,0,0,0,0	0,42,42,1219,2041,2552,3112	0,0,0,9,4,5,4	0,0,0,16,7,5,7	0,0,0,89,73,177,104	0,0,0,0,0,0,0	246.json
2972	3,3	3,3	3,3	1,1	0,848	0,1	0,2	0,18	0,0	552.json
4182	6,6,8,7,7,7,9,9	6,6,8,7,7,7,8,8	6,6,8,7,7,7,8,8	0,0,0,0,0,0,0,0	0,2,9,15,118,125,1437,2058	0,0,3,1,2,1,9,1	0,0,4,3,4,2,16,2	0,0,97,6,11,9,77,2	0,0,0,1,0,0,0,0	301.json
4182	21,21,21,21,21,35,18,18	19,19,19,19,19,32,17,17	19,19,19,19,19,32,18,18	0,0,0,0,0,0,0,0	0,2,9,125,132,183,230,251	0,0,1,2,2,21,9,9	0,0,2,4,4,28,35,35	0,0,46,15,29,335,531,0	0,0,0,0,0,1,0,0	308.json
3998	6,6,7	6,6,7	6,6,7	0,0,0	0,785,1253	0,2,7	0,4,13	0,15,70	0,1,0	35.json
2364	8,3,3	8,3,3	8,3,3	0,0,0	0,0,3	0,1,2	0,7,4	0,139,34	0,0,0	527.json
2875	6,7	6,7	6,7	0,0	0,130	0,7	0,13	0,58	0,0	507.json
4271	8,6,6	7,6,6	8,6,6	0,0,0	0,0,334	0,6,1	0,14,2	0,120,5	0,0,0	534.json
4770	3,3,3,3,3	3,3,3,3,3	3,3,3,3,3	0,0,0,0,0	0,262,295,364,490	0,0,3,0,0	0,0,6,0,0	0,0,8,0,0	0,0,0,0,0	666.json
3972	34,13,13,13,13,13,17,17,17,13,14,17,11,11,11	26,12,12,12,12,12,16,16,16,13,14,17,11,11,11	32,13,13,13,13,13,17,17,17,13,14,17,11,11,11	0,0,0,0,0,0,0,0,0,0,0,0,0,0,0	0,6,6,50,50,55,848,1150,1151,1151,1227,1307,1604,1604,1848	0,6,1,0,0,1,7,1,2,2,14,6,0,1,1	0,33,2,0,0,2,10,2,4,8,27,9,6,2,2	0,851,9,0,0,9,209,20,22,276,196,237,294,27,2	0,0,0,0,0,0,1,0,0,0,0,0,1,0,0	268.json
4545	9,9,9,9,9,9,9,4,9,9,10,14,15,15,14,14	9,9,9,9,9,9,9,3,9,9,11,15,15,15,15,15	9,9,9,9,9,9,9,4,9,9,10,14,15,15,14,14	0,0,0,0,0,0,0,0,0,0,0,0,0,0,0,0	0,14,26,35,37,37,266,272,558,623,1800,1989,2181,2181,2201,2421	0,1,7,1,6,1,0,3,7,2,10,11,3,1,3,3	0,2,14,2,12,2,0,11,9,4,19,18,5,2,7,6	0,8,42,8,12,15,0,96,147,35,113,131,45,6,51,26	0,0,0,0,0,0,0,0,0,0,0,0,0,1,0,0	574.json
1086	4	3	4	0	0	0	0	0	0	598.json
3964	5,5,5,3,3,3	5,5,5,3,3,3	5,5,5,3,3,3	0,0,0,0,0,0	0,42,42,827,866,1080	0,0,0,1,1,1	0,0,0,4,2,2	0,0,0,60,20,11	0,0,0,0,1,0	236.json
2698	2,2	2,2	2,2	0,0	0,0	0,0	0,0	0,0	0,0	285.json
4404	4,7,3,3,3,16	3,7,3,3,3,13	4,7,3,3,3,14	1,0,1,1,1,0	0,1759,1760,1760,1760,1764	0,6,1,1,1,15	0,9,6,2,2,17	0,161,110,31,42,443	0,1,1,0,0,0	399.json
2875	6,7	6,7	6,7	0,0	0,130	0,7	0,13	0,58	0,0	512.json
1300	3	3	3	1	0	0	0	0	0	137.json
5167	3,3,3,3	3,3,3,3	3,3,3,3	0,0,0,0	0,279,660,3043	0,0,0,1	0,0,0,2	0,0,0,17	0,0,0,0	759.json
2822	4,4	3,3	4,4	0,0	0,1	0,1	0,2	0,12	0,0	177.json
4182	3,3,3,3,3	3,3,3,3,3	3,3,3,3,3	0,0,0,0,0	0,2,125,2058,2154	0,0,1,1,1	0,0,2,2,2	0,0,8,17,1	0,0,0,0,0	310.json
4666	3,3,3,3,3,4	3,3,3,3,3,4	3,3,3,3,3,4	0,0,0,0,0,0	0,158,695,749,1737,3424	0,0,1,1,1,1	0,0,2,2,2,1	0,0,10,9,9,61	0,0,0,0,0,1	853.json
5167	3,3,3,3,3	3,3,3,3,3	3,3,3,3,3	1,1,1,1,1	0,279,660,1327,3043	0,0,0,1,1	0,0,0,2,2	0,0,0,6,18	0,0,0,0,0	826.json
2118	3	3	3	0	0	0	0	0	0	289.json
2035	3	3	3	0	0	0	0	0	0	208.json
7067	1,10,10,10,10,9,11,11,16,17,14,14,14	2,10,10,10,10,8,10,10,14,16,14,14,14	1,10,10,10,10,9,11,11,16,17,14,14,14	0,0,0,0,0,0,0,0,0,0,0,0,0	0,1900,1901,2179,2560,2681,3227,3270,4114,4322,4476,4943,5228	0,10,2,0,0,1,9,9,9,17,10,2,2	0,22,4,0,0,3,16,18,13,33,23,4,4	0,307,118,0,0,7,211,181,292,309,234,4,10	0,0,0,0,0,0,0,0,1,0,1,0,0	698.json
4564	14,14,15,13,14,14,15,15,15	12,12,12,12,12,12,13,13,13	12,12,12,12,12,12,14,14,13	0,0,0,0,0,0,0,0,0	0,0,33,45,54,56,56,56,1982	0,3,5,0,3,0,3,1,6	0,6,9,2,5,0,5,2,12	0,23,20,78,92,0,103,15,319	0,0,0,0,0,0,0,0,1	418.json
5062	3,3,3,3,3	3,3,3,3,3	3,3,3,3,3	0,0,0,0,0	0,173,554,2938,3034	0,0,0,1,1	0,0,0,2,2	0,0,0,17,2	0,0,0,0,0	25.json
2699	4,4,4,4	5,5,5,5	4,4,4,4	0,0,0,0	0,0,1,581	0,1,1,4	0,2,2,8	0,5,23,52	0,1,0,0	294.json
4506	5,5,5,5,6,6	3,5,5,5,6,6	3,5,5,5,6,6	0,0,0,0,0,0	0,0,226,226,1761,2382	0,2,0,0,6,1	0,4,0,0,11,2	0,56,0,0,50,4	0,0,0,0,0,0	644.json
2875	5,6,6,6	4,5,5,5	5,6,6,6	0,0,0,0	0,130,499,502	0,6,1,1	0,11,2,2	0,52,24,32	0,0,0,0	492.json
1363	3	3	3	1	0	0	0	0	0	26.json
2377	15,11,14,18,20,18,18,18,15	15,11,14,16,18,17,17,17,14	15,11,14,16,18,17,17,17,14	0,0,0,0,0,0,0,0,0	0,0,0,0,0,0,0,108,434	0,9,3,9,8,5,0,3,0	0,22,3,14,14,12,0,6,3	0,348,81,226,175,318,0,90,189	0,0,1,0,0,0,1,0,1	840.json
2875	3	3	3	0	0	0	0	0	0	502.json
2123	4,4	4,4	4,4	0,0	0,0	0,0	0,0	0,0	0,0	100.json
2875	4	3	4	0	0	0	0	0	0	500.json
3194	4,4,4,5,6,6,7	4,4,4,5,5,5,5	4,4,4,5,6,6,7	0,0,0,0,0,0,0	0,15,72,449,1071,1071,1208	0,0,3,5,6,0,4	0,0,6,9,11,0,7	0,0,26,40,194,0,55	0,0,1,0,0,0,1	113.json
1300	4	3	4	0	0	0	0	0	0	146.json
978	15	14	15	0	0	0	0	0	0	687.json
3122	3,3	3,3	3,3	0,0	0,826	0,1	0,2	0,24	0,0	658.json
2875	4	3	4	0	0	0	0	0	0	481.json
5167	3,3,3,3,3,31,3	3,3,3,3,3,31,3	3,3,3,3,3,29,3	0,0,0,0,0,0,0	0,279,660,693,761,985,1002	0,0,0,1,1,29,1	0,0,0,2,2,30,30	0,0,0,19,19,667,667	0,0,0,0,0,0,1	762.json
2109	3	3	3	0	0	0	0	0	0	781.json
2699	2,3,3,3	3,4,4,4	2,3,3,3	0,0,0,0	0,1,1,581	0,1,0,3	0,1,0,6	0,43,0,33	0,0,0,0	291.json
4568	3,3,3,3,3	3,3,3,3,3	3,3,3,3,3	0,0,0,0,0	0,60,252,267,2617	0,0,0,0,1	0,0,0,0,2	0,0,0,0,58	0,0,0,0,1	540.json
4666	8,8,8,8,8,8,8,9,9,9,11,11,11	6,6,6,6,6,6,6,7,7,7,8,8,8	7,7,7,7,7,7,7,8,8,8,10,10,10	0,0,0,0,0,0,0,0,0,0,0,0,0	0,17,64,99,158,179,207,1921,2045,2045,2045,2051,2542	0,4,4,4,0,1,1,8,2,4,7,2,1	0,8,8,8,0,2,2,15,4,8,12,4,2	0,59,59,65,0,15,15,69,29,66,151,27,12	0,0,0,0,0,0,0,0,0,0,0,0,0	372.json
2875	3	3	3	0	0	0	0	0	0	464.json
4568	4,3,5,5,6,4,4,4,4,6,6,10,6	4,3,3,3,3,3,3,3,3,4,4,4,4	4,3,3,3,4,4,4,4,4,6,6,7,6	0,0,0,0,0,0,0,0,0,0,0,0,0	0,1,4,4,37,60,129,252,267,289,295,581,631	0,2,4,2,2,0,1,0,0,3,2,5,1	0,5,6,4,4,0,2,0,0,4,4,6,6	0,35,95,20,44,64,7,0,0,95,16,161,132	0,0,0,0,0,0,0,0,0,0,0,0,0	546.json
5167	3,3,3	3,3,3	3,3,3	0,0,0	0,279,660	0,0,0	0,0,0	0,0,0	0,0,0	832.json
1159	3	3	3	1	0	0	0	0	0	715.json
3994	3,3,3,3,3,3,3,3,3,3,3,14,11	3,3,3,3,3,3,3,3,3,3,3,13,13	3,3,3,3,3,3,3,3,3,3,3,14,11	0,0,0,0,0,0,0,0,0,0,0,0,0	0,63,63,72,72,554,610,646,1288,1621,1870,1948,1959	0,1,1,0,0,1,1,1,1,1,1,12,1	0,2,2,0,0,2,2,2,2,2,2,13,5	0,15,9,0,0,30,7,7,32,21,6,402,140	0,0,1,0,0,0,0,1,0,0,0,1,0	211.json
5648	4,4,4	4,4,4	4,4,4	0,0,0	0,759,1140	0,0,0	0,0,0	0,0,0	0,0,0	884.json
2037	3	3	3	0	0	0	0	0	0	116.json
4509	3,3,10,8,8,18,16,17,25,25,21,21,24,24	3,3,6,6,6,17,16,17,24,24,21,21,24,24	3,3,7,7,7,17,16,17,24,24,21,21,24,24	0,0,0,0,0,0,0,0,0,0,0,0,0,0	0,2,2,230,1226,1240,1271,1764,1960,1973,2035,2385,3438,3889	0,0,7,0,1,13,2,17,17,3,13,5,4,1	0,0,7,0,2,16,6,33,26,6,30,10,5,2	0,0,169,63,19,259,52,196,329,54,146,31,84,9	0,0,0,0,1,1,0,0,0,0,0,0,0,0	580.json
4666	11,11,12,12	12,12,13,13	10,10,11,11	0,0,0,0	0,158,158,749	0,0,6,1	0,0,11,2	0,0,177,12	0,0,0,0	445.json
5167	3,3,3,3,3	3,3,3,3,3	3,3,3,3,3	1,1,1,1,1	0,279,660,1327,3043	0,0,0,1,1	0,0,0,2,2	0,0,0,6,18	0,0,0,0,0	830.json
1086	15	12	15	0	0	0	0	0	0	593.json
6577	3,3,3	3,3,3	3,3,3	0,0,0	0,1688,2069	0,0,0	0,0,0	0,0,0	0,0,0	918.json
2789	3,3	3,3	3,3	0,0	0,554	0,2	0,4	0,18	0,0	857.json
2620	13,10,10	11,8,8	11,8,8	0,0,0	0,0,496	0,1,1	0,5,2	0,124,4	0,0,0	392.json
4649	6,6,6,7,7,8,8	6,6,6,6,6,7,7	6,6,6,7,7,8,8	0,0,0,0,0,0,0	0,47,76,81,141,1904,2525	0,2,1,0,0,8,1	0,4,2,0,0,15,2	0,11,12,12,0,105,2	0,0,0,0,0,0,0	421.json
6577	4,4,4,4,5	4,4,4,4,5	4,4,4,4,5	0,0,0,0,0	0,145,1688,2069,3832	0,1,0,0,5	0,2,0,0,9	0,18,0,0,40	0,0,0,0,0	919.json
2591	11,11	10,10	10,10	0,0	0,467	0,1	0,2	0,4	0,0	718.json
3095	8,7,8,10,19	7,7,8,10,18	8,7,8,10,19	0,0,0,0,0	0,134,350,632,2009	0,1,8,4,14	0,3,15,6,19	0,8,73,111,563	0,1,0,1,0	599.json
2035	3	3	3	0	0	0	0	0	0	207.json
2568	12,16,16	11,15,15	11,15,15	0,0,0	0,381,444	0,5,2	0,6,4	0,106,6	0,1,0	84.json
2875	3	3	3	0	0	0	0	0	0	484.json
5167	3,3,3,3	3,3,3,3	3,3,3,3	0,0,0,0	0,279,397,660	0,0,0,0	0,0,0,0	0,0,0,0	0,0,0,0	34.json
2597	11,11,11,11,11,15	8,8,8,8,8,8	8,8,8,8,8,8	0,0,0,0,0,0	0,5,13,26,349,1411	0,8,1,1,2,5	0,16,2,2,4,6	0,82,8,4,30,203	0,0,0,0,1,0	322.json
2616	3	3	3	0	0	0	0	0	0	476.json
2146	12	10	12	0	0	0	0	0	0	863.json
4193	21,25,25,34,36,36,16,16,4,4	22,26,26,33,35,35,14,14,4,4	19,22,22,29,31,31,14,14,4,4	0,0,0,0,0,0,0,0,0,0	0,6,6,11,11,13,26,136,241,2069	0,6,5,13,14,0,1,2,1,1	0,8,10,17,26,0,22,4,14,2	0,203,168,190,98,0,691,24,205,26	0,0,0,0,0,0,1,0,0,0	300.json
2821	3	3	3	0	0	0	0	0	0	164.json
5167	3,3,3	3,3,3	3,3,3	0,0,0	0,279,660	0,0,0	0,0,0	0,0,0	0,0,0	737.json
2620	14	11	13	0	0	0	0	0	0	407.json
2875	3	3	3	0	0	0	0	0	0	460.json
4666	3,3,3	3,3,3	3,3,3	0,0,0	0,17,158	0,0,0	0,0,0	0,0,0	0,0,0	362.json
3922	3,3	3,3	3,3	1,1	0,1798	0,1	0,2	0,18	0,0	589.json
3122	3,3	3,3	3,3	0,0	0,826	0,1	0,2	0,24	0,0	657.json
2875	4,5	4,5	4,5	0,0	0,130	0,5	0,9	0,40	0,0	455.json
5167	3,3,3,3	3,3,3,3	3,3,3,3	0,0,0,0	0,279,397,660	0,0,0,0	0,0,0,0	0,0,3,0	0,0,0,0	56.json
5167	13,13,13,13	12,12,12,12	12,12,12,12	0,0,0,0	0,279,397,660	0,0,0,0	0,0,0,0	0,0,0,0	0,0,0,0	33.json
2875	3	3	3	0	0	0	0	0	0	509.json
1086	3	3	3	0	0	0	0	0	0	76.json
2791	3,3	3,3	3,3	0,0	0,556	0,0	0,0	0,0	0,0	612.json
1301	5	5	5	0	0	0	0	0	0	624.json
6573	4,4,4	4,4,4	4,4,4	0,0,0	0,1684,2065	0,0,0	0,0,0	0,0,0	0,0,0	930.json
2584	3	3	3	0	0	0	0	0	0	317.json
2037	12	12	12	0	0	0	0	0	0	71.json
3131	3	3	3	0	0	0	0	0	0	273.json
4666	3,3,3	3,3,3	3,3,3	1,1,0	0,158,749	0,0,2	0,0,4	0,0,23	0,0,0	439.json
4652	3,3,3,3,3	3,3,3,3,3	3,3,3,3,3	0,0,0,0,0	0,144,681,735,1710	0,0,1,1,2	0,0,2,2,4	0,0,18,18,41	0,0,0,0,0	871.json
5648	3,3,3	3,3,3	3,3,3	0,0,0	0,759,1140	0,0,0	0,0,0	0,0,0	0,0,0	885.json
2677	4	4	4	0	0	0	0	0	0	343.json
2046	6	6	6	0	0	0	0	0	0	82.json
2791	3,3	3,3	3,3	0,0	0,556	0,0	0,0	0,16	0,0	614.json
3952	4,4,4,4	4,4,4,4	4,4,4,4	0,0,0,0	0,30,30,815	0,0,0,1	0,0,0,2	0,0,0,8	0,0,0,0	223.json
3131	3	3	3	0	0	0	0	0	0	272.json
2118	3	3	3	0	0	0	0	0	0	361.json
6499	7,7,7,8,10	7,7,7,8,10	7,7,7,8,10	0,0,0,0,0	0,1610,1991,3118,3754	0,0,0,2,10	0,0,0,3,18	0,0,0,61,89	0,0,0,1,0	895.json
2875	3,3,5,5	3,3,5,5	3,3,5,5	0,0,0,0	0,231,499,502	0,2,3,1	0,4,4,2	0,47,62,14	0,0,0,0	468.json
620	25	18	24	0	0	0	0	0	0	815.json
3283	15,3	15,3	14,3	0,0	0,45	0,3	0,18	0,306	0,0	800.json
3131	3,3,12	3,3,12	3,3,12	0,0,0	0,896,1307	0,3,10	0,6,11	0,16,415	0,0,1	611.json
3194	4,4,4,5,6,6,7	4,4,4,5,5,5,5	4,4,4,5,6,6,7	0,0,0,0,0,0,0	0,15,72,449,1071,1071,1208	0,0,3,5,6,0,4	0,0,6,9,11,0,7	0,0,26,40,194,0,55	0,0,1,0,0,0,1	105.json
4301	6,7,7	6,7,7	6,7,7	0,0,0	0,1556,1576	0,7,7	0,13,13	0,64,0	0,0,1	549.json
2822	3,3	3,3	3,3	0,0	0,1	0,2	0,4	0,24	0,0	877.json
3137	8	9	8	0	0	0	0	0	0	224.json
2875	5,6	4,5	5,6	0,0	0,130	0,6	0,11	0,52	0,0	510.json
6577	3,3,3	3,3,3	3,3,3	0,0,0	0,1688,2069	0,0,0	0,0,0	0,0,0	0,0,0	894.json
1738	3,4	3,3	3,4	0,0	0,955	0,3	0,5	0,62	0,0	522.json
445	12	13	12	0	0	0	0	0	0	571.json
