Age	SLOCAsItIs	SLOCNoCommentPrettyPrinter	SLOCStandard	isGetterSetter	ChangeDates	NewAdditions	DiffSizes	EditDistances	Buggycommiit	file
1849	7,7	6,6	6,6	0,0	0,21	0,2	0,4	0,31	0,0	148.json
1635	3	3	3	0	0	0	0	0	0	731.json
1828	3	3	3	0	0	0	0	0	0	183.json
1849	3	3	3	0	0	0	0	0	0	415.json
1653	3,3,3	3,3,3	3,3,3	1,1,1	0,2,4	0,1,1	0,2,2	0,10,11	0,0,0	431.json
1849	4,3,3	4,3,3	4,3,3	0,0,0	0,30,438	0,1,1	0,3,2	0,103,9	0,1,1	1044.json
1849	3	3	3	0	0	0	0	0	0	333.json
1849	3	3	3	1	0	0	0	0	0	220.json
1849	16,14	14,14	16,14	0,0	0,34	0,4	0,10	0,283	0,0	307.json
1920	6	4	4	0	0	0	0	0	0	1182.json
1849	14	10	13	0	0	0	0	0	0	530.json
1849	10,9	9,9	10,9	0,0	0,132	0,0	0,0	0,4	0,0	526.json
1849	3	3	3	0	0	0	0	0	0	403.json
1849	8,8	8,8	8,8	0,0	0,14	0,0	0,0	0,0	0,0	577.json
1849	4,4	4,4	4,4	0,0	0,34	0,1	0,2	0,5	0,0	250.json
1835	5,7,7,7,7,7,3	5,6,6,6,6,7,3	5,6,6,6,6,7,3	0,0,0,0,0,0,0	0,2,3,3,3,134,193	0,5,1,1,1,1,1	0,8,2,2,2,2,6	0,142,1,25,25,32,63	0,0,1,1,1,0,0	927.json
1849	3,3	3,3	3,3	1,1	0,116	0,2	0,4	0,10	0,0	225.json
1821	10,10,10,10,10,11	8,8,8,8,8,9	8,8,8,8,8,9	0,0,0,0,0,0	0,79,309,447,447,504	0,0,2,0,0,1	0,0,4,0,0,1	0,2,56,0,0,53	0,0,0,0,0,0	774.json
1635	9	9	9	0	0	0	0	0	0	719.json
1477	3,3	3,3	3,3	0,0	0,11	0,2	0,4	0,46	0,0	786.json
1732	10,10	10,10	10,10	0,0	0,0	0,1	0,2	0,17	0,1	70.json
1849	3,3,3	3,3,3	3,3,3	0,0,0	0,881,884	0,1,1	0,2,2	0,2,7	0,0,0	564.json
1849	3	3	3	1	0	0	0	0	0	296.json
1849	9,6	9,4	9,5	0,0	0,214	0,3	0,9	0,103	0,0	753.json
1849	4,4	3,3	4,4	0,0	0,14	0,0	0,0	0,0	0,0	578.json
1849	3	3	3	0	0	0	0	0	0	115.json
1849	25	24	24	0	0	0	0	0	0	1134.json
1849	11,11	10,10	11,10	0,0	0,70	0,0	0,0	0,9	0,0	797.json
1849	7,9,9,10,10,10	7,7,7,7,7,7	7,8,8,9,9,9	0,0,0,0,0,0	0,207,213,216,443,443	0,3,1,2,1,1	0,4,2,3,2,2	0,41,5,20,37,1	0,0,0,0,0,0	327.json
1849	3	3	3	0	0	0	0	0	0	381.json
1849	4	4	4	0	0	0	0	0	0	131.json
1832	3,3,3,3,3	3,3,3,3,3	3,3,3,3,3	0,0,0,0,0	0,0,0,197,321	0,2,3,3,0	0,4,6,6,0	0,34,3,9,0	0,0,0,1,0	890.json
1849	11,11,11,11,11,11	10,10,10,10,10,10	10,10,10,10,10,10	0,0,0,0,0,0	0,21,21,21,22,363	0,1,2,1,1,1	0,2,4,2,2,2	0,38,46,7,13,90	0,0,0,1,0,0	185.json
1849	3,3	3,3	3,3	0,0	0,70	0,0	0,0	0,0	0,0	798.json
1849	3,3,4,7	3,3,4,6	3,3,4,6	1,1,0,0	0,19,19,20	0,0,1,4	0,0,1,5	0,0,33,83	0,0,0,0	505.json
1651	8,8,9,13,13	8,8,9,12,12	8,8,9,12,12	0,0,0,0,0	0,0,3,200,201	0,2,2,5,1	0,4,3,6,2	0,21,22,89,7	0,0,0,0,0	935.json
1849	3	3	3	0	0	0	0	0	0	269.json
1920	3,3,3	3,3,3	3,3,3	0,0,0	0,98,98	0,1,1	0,2,2	0,6,47	0,0,0	1169.json
1849	3	3	3	0	0	0	0	0	0	943.json
1849	18	18	18	0	0	0	0	0	0	302.json
1801	4,7,3	4,4,3	4,6,3	0,0,0	0,159,166	0,5,1	0,7,6	0,53,139	0,0,0	758.json
1671	7,9,9	7,8,8	7,9,9	0,0,0	0,1,1	0,5,1	0,8,2	0,176,6	0,0,0	1125.json
1849	7,8	8,9	7,8	0,0	0,30	0,1	0,1	0,13	0,0	81.json
1849	3	3	3	0	0	0	0	0	0	334.json
1552	5	5	5	0	0	0	0	0	0	647.json
1849	6,6	6,6	6,6	0,0	0,884	0,1	0,2	0,7	0,0	331.json
1849	5	5	5	0	0	0	0	0	0	738.json
1849	3	3	3	0	0	0	0	0	0	379.json
1849	7,6,5	6,5,5	6,5,5	0,0,0	0,177,395	0,3,2	0,7,5	0,129,22	0,0,0	1073.json
1832	3	3	3	0	0	0	0	0	0	1138.json
1909	3,3	3,3	3,3	0,0	0,3	0,1	0,2	0,8	0,0	1141.json
1797	3,4,3	3,3,3	3,4,3	0,0,0	0,3,6	0,3,1	0,5,3	0,52,30	0,1,0	689.json
1546	3,3,3,3	3,3,3,3	3,3,3,3	0,0,0,0	0,1,1,1	0,1,1,1	0,2,2,2	0,17,4,7	0,0,1,0	410.json
1849	6,6,6,7,7	6,5,5,6,6	6,5,5,6,6	0,0,0,0,0	0,23,30,437,438	0,4,1,1,1	0,8,2,1,2	0,119,28,86,9	0,0,1,1,1	1039.json
1849	13	13	13	0	0	0	0	0	0	736.json
1477	3,3	3,3	3,3	0,0	0,11	0,2	0,4	0,46	0,0	788.json
1849	3	3	3	0	0	0	0	0	0	292.json
1849	6,8,8,8,8,8,5,5	6,7,7,7,7,7,5,5	6,7,7,7,7,7,5,5	0,0,0,0,0,0,0,0	0,47,48,49,59,116,116,117	0,5,4,3,3,2,2,1	0,8,8,6,6,4,7,2	0,113,33,38,19,8,158,15	0,0,0,0,0,0,0,0	957.json
1849	3	3	3	0	0	0	0	0	0	940.json
1490	6	6	6	0	0	0	0	0	0	252.json
1849	15,15	13,13	14,14	0,0	0,330	0,2	0,4	0,18	0,0	190.json
1763	3,3,3	3,3,3	3,3,3	0,0,0	0,47,332	0,0,1	0,0,2	0,0,10	0,0,0	601.json
1849	10,10,10,10,10,10	9,9,9,9,9,9	9,9,9,9,9,9	0,0,0,0,0,0	0,21,21,21,22,363	0,1,2,1,1,1	0,2,4,2,2,2	0,38,46,7,13,92	0,0,0,1,0,0	176.json
1919	3,3,3	3,3,3	3,3,3	0,0,0	0,97,97	0,1,1	0,2,2	0,6,15	0,0,0	1165.json
1849	3	3	3	0	0	0	0	0	0	119.json
1920	3	3	3	0	0	0	0	0	0	1198.json
1849	3,3,3,3	3,3,3,3	3,3,3,3	0,0,0,0	0,71,72,363	0,0,0,1	0,0,0,2	0,16,0,11	0,0,0,0	829.json
1849	3	3	3	0	0	0	0	0	0	1135.json
1917	3,3,3	3,3,3	3,3,3	0,0,0	0,1,86	0,0,1	0,0,2	0,0,27	0,0,0	1225.json
1849	11,13	11,11	11,11	0,0	0,332	0,3	0,4	0,7	0,0	99.json
1743	13,14,13,12,12,12,12,12,12,12,12,13,14,14,13,18,18,19	13,14,13,12,12,12,12,12,12,12,12,13,14,14,13,18,18,19	13,14,13,12,12,12,12,12,12,12,12,13,14,14,13,18,18,19	0,0,0,0,0,0,0,0,0,0,0,0,0,0,0,0,0,0	0,2,80,89,89,89,90,90,90,90,90,92,94,94,105,224,225,717	0,2,0,1,4,1,4,2,1,1,1,2,1,2,1,9,1,3	0,3,1,3,8,2,8,4,2,2,2,3,1,4,3,13,2,5	0,80,55,66,67,32,46,86,13,7,86,123,82,21,70,308,58,91	0,0,0,0,0,0,0,0,0,0,0,0,0,0,0,0,0,0	775.json
1849	11,11,11,11,11	9,9,9,9,9	9,9,9,9,9	0,0,0,0,0	0,21,21,22,363	0,1,2,1,1	0,2,4,2,2	0,46,39,13,80	0,0,0,0,0	147.json
1849	12,7,5,5	11,7,5,5	11,7,5,5	0,0,0,0	0,9,26,132	0,0,1,0	0,5,4,0	0,149,80,0	0,0,1,0	493.json
1849	3,3	3,3	3,3	0,0	0,22	0,0	0,0	0,16	0,0	867.json
1849	3	3	3	0	0	0	0	0	0	114.json
1819	6,7,7,7,7,7,7	6,6,6,6,6,6,6	6,7,7,7,7,7,7	0,0,0,0,0,0,0	0,15,22,28,28,332,445	0,2,1,2,1,1,1	0,3,2,4,2,2,2	0,32,41,56,10,21,31	0,0,0,0,0,0,0	1014.json
1583	4,4,4	4,4,4	4,4,4	0,0,0	0,437,441	0,1,1	0,2,2	0,8,6	0,0,0	631.json
1373	9,9,10,6	9,9,9,6	9,9,10,6	0,0,0,0	0,0,57,61	0,0,2,0	0,0,3,4	0,0,50,156	0,0,0,0	773.json
1849	12,12	12,12	12,12	0,0	0,19	0,0	0,0	0,8	0,0	513.json
1823	7,7,7,7	6,6,6,6	6,6,6,6	0,0,0,0	0,0,0,106	0,0,0,0	0,0,0,0	0,0,0,0	0,0,1,0	591.json
1920	3	3	3	0	0	0	0	0	0	1197.json
1849	7	6	7	0	0	0	0	0	0	309.json
1373	3,3	3,3	3,3	0,0	0,7	0,0	0,0	0,0	0,0	1031.json
1849	7,7,7,11,16,16,12,13,13,13,13,11,11,11	7,7,7,10,13,13,9,10,10,10,10,8,8,8	7,7,7,11,13,13,9,10,10,10,10,8,8,8	0,0,0,0,0,0,0,0,0,0,0,0,0,0	0,20,29,41,151,151,177,177,178,178,196,196,267,294	0,1,1,4,10,1,4,1,1,1,1,2,1,1	0,2,2,4,15,2,12,1,2,2,2,6,2,2	0,17,12,162,311,10,314,32,32,3,23,90,9,7	0,0,0,0,0,1,0,0,0,0,0,0,0,0	1119.json
1849	3	3	3	0	0	0	0	0	0	993.json
1849	3	3	3	0	0	0	0	0	0	1056.json
1849	3	3	3	0	0	0	0	0	0	547.json
1849	3,3	3,3	3,3	1,1	0,19	0,0	0,0	0,0	0,0	506.json
1849	4	4	4	0	0	0	0	0	0	135.json
1849	3	3	3	0	0	0	0	0	0	670.json
1405	6	6	6	0	0	0	0	0	0	450.json
1828	3	3	3	0	0	0	0	0	0	184.json
1477	3,3	3,3	3,3	0,0	0,11	0,2	0,4	0,46	0,0	790.json
1849	11,11,11,11,11,11	11,11,11,11,11,11	11,11,11,11,11,11	0,0,0,0,0,0	0,71,72,78,317,822	0,0,0,1,1,1	0,0,0,2,2,2	0,108,0,24,8,10	0,0,0,0,0,0	834.json
1849	14,9,9	10,7,7	10,7,7	0,0,0	0,20,317	0,1,1	0,7,2	0,142,8	0,0,0	544.json
1849	3,3	3,3	3,3	0,0	0,884	0,1	0,2	0,7	0,0	169.json
1849	8	7	7	0	0	0	0	0	0	1084.json
1763	3,3	3,3	3,3	1,1	0,47	0,0	0,0	0,0	0,0	600.json
1835	3,3	3,3	3,3	1,1	0,2	0,2	0,4	0,14	0,0	1002.json
1411	3	3	3	0	0	0	0	0	0	742.json
1849	4	4	4	0	0	0	0	0	0	650.json
1671	5,5,5	5,5,5	5,5,5	0,0,0	0,18,18	0,2,1	0,4,2	0,38,15	0,0,0	1126.json
1777	7,7,7,7,7,7	5,5,5,5,5,5	7,7,7,7,7,7	0,0,0,0,0,0	0,0,1,7,123,124	0,1,0,1,1,1	0,2,0,2,2,2	0,14,0,28,15,10	0,0,0,0,0,0	819.json
1373	3,3	3,3	3,3	0,0	0,7	0,0	0,0	0,0	0,0	1028.json
1849	20,20,20,20,20,4,4	15,15,15,15,15,4,4	17,17,17,17,17,4,4	0,0,0,0,0,0,0	0,25,126,127,324,335,336	0,1,1,1,16,2,1	0,2,2,2,32,20,2	0,5,4,6,24,667,10	0,0,0,0,0,0,0	140.json
1849	3	3	3	0	0	0	0	0	0	375.json
1849	4	4	4	0	0	0	0	0	0	640.json
1849	3	3	3	0	0	0	0	0	0	945.json
1849	3,3,3	3,3,3	3,3,3	1,1,1	0,72,435	0,0,1	0,0,2	0,12,19	0,0,0	812.json
1830	13,19,19,19,19,18	13,20,20,20,20,19	13,19,19,19,19,18	0,0,0,0,0,0	0,1,1,7,424,807	0,9,1,1,1,0	0,12,2,2,2,1	0,381,13,460,20,38	0,1,0,0,0,0	616.json
1849	3	3	3	1	0	0	0	0	0	201.json
1909	5	5	5	0	0	0	0	0	0	1143.json
1849	13	12	12	0	0	0	0	0	0	743.json
1849	3	3	3	0	0	0	0	0	0	391.json
1176	14	14	14	0	0	0	0	0	0	396.json
1849	7,7	7,7	7,7	0,0	0,884	0,1	0,2	0,7	0,0	315.json
1849	14,13	13,13	13,13	0,0	0,24	0,12	0,25	0,243	0,0	1100.json
1849	11	7	8	0	0	0	0	0	0	345.json
1849	3,3,3,5,3,6,3,6,6	3,3,3,5,3,5,3,5,5	3,3,3,5,3,5,3,5,5	0,0,0,0,0,0,0,0,0	0,18,56,115,115,116,118,122,151	0,1,1,3,1,3,0,3,1	0,2,2,4,4,3,3,3,2	0,17,16,105,106,110,110,115,10	0,0,0,0,0,1,1,0,0	435.json
1849	4	3	4	0	0	0	0	0	0	290.json
1849	3	3	3	0	0	0	0	0	0	423.json
1216	3	3	3	0	0	0	0	0	0	605.json
1849	14,15,18,14,14,14	11,11,12,12,12,12	12,12,14,12,12,12	0,0,0,0,0,0	0,52,55,58,58,59	0,2,4,3,3,2	0,3,5,6,6,4	0,32,124,89,30,10	0,0,1,1,0,1	686.json
1782	3	3	3	1	0	0	0	0	0	1114.json
1849	3	3	3	0	0	0	0	0	0	401.json
1849	4	4	4	0	0	0	0	0	0	121.json
1849	3,3	3,3	3,3	0,0	0,1115	0,1	0,2	0,47	0,0	417.json
1819	3,3	3,3	3,3	0,0	0,0	0,2	0,4	0,11	0,1	859.json
1812	3	3	3	0	0	0	0	0	0	559.json
1849	14,13,13,13,13,11,11,11,11	12,11,11,11,11,10,10,10,10	12,11,11,11,11,10,10,10,10	0,0,0,0,0,0,0,0,0	0,21,21,21,22,22,22,126,363	0,0,1,2,1,1,0,0,1	0,1,2,4,2,4,0,0,2	0,67,23,39,13,162,0,0,21	0,0,0,0,0,0,0,0,0	154.json
1405	3,3,3,7	3,3,3,7	3,3,3,7	0,0,0,0	0,0,0,0	0,1,0,5	0,2,0,6	0,7,0,101	0,0,0,0	1019.json
1733	6,3,4,4	5,3,3,3	5,3,4,4	0,0,0,1	0,91,91,246	0,1,2,1	0,5,3,2	0,141,36,21	0,0,0,0	350.json
1819	3	3	3	0	0	0	0	0	0	860.json
1755	10,11,14	10,10,13	10,10,13	0,0,0	0,24,214	0,2,3	0,3,3	0,11,42	0,0,0	868.json
1920	27,28,29,19,23	21,21,22,11,13	18,18,19,11,13	0,0,0,0,0	0,1,3,85,400	0,10,7,4,5	0,19,13,18,6	0,68,188,435,76	0,0,0,0,0	1185.json
1849	4	4	4	0	0	0	0	0	0	538.json
1849	11,11,11,11,11,11	10,10,10,10,10,10	10,10,10,10,10,10	0,0,0,0,0,0	0,21,21,21,22,363	0,1,2,1,1,1	0,2,4,2,2,2	0,38,46,7,13,102	0,0,0,1,0,0	159.json
1823	3	3	3	0	0	0	0	0	0	674.json
1697	5	4	5	0	0	0	0	0	0	831.json
1828	3,3,3	3,3,3	3,3,3	1,1,1	0,0,296	0,1,1	0,2,2	0,21,16	0,0,0	182.json
1553	3	3	3	0	0	0	0	0	0	535.json
1716	3	3	3	0	0	0	0	0	0	590.json
1849	13,13,13	13,13,13	13,13,13	0,0,0	0,443,443	0,1,1	0,2,2	0,33,1	0,0,0	303.json
1849	3	3	3	0	0	0	0	0	0	110.json
1511	4,5,5,5,7	4,5,5,5,7	4,5,5,5,7	0,0,0,0,0	0,17,18,19,19	0,1,1,1,3	0,1,2,2,4	0,26,4,1,58	0,0,1,1,1	946.json
1849	3	3	3	0	0	0	0	0	0	107.json
1849	6,6	6,6	6,6	0,0	0,132	0,0	0,0	0,0	0,0	525.json
1509	6	6	6	0	0	0	0	0	0	727.json
1849	10,8,8,8	8,6,6,6	8,6,6,6	0,0,0,0	0,29,317,443	0,1,1,1	0,4,2,2	0,108,8,20	0,0,0,0	1034.json
1849	4,13,6,6	4,7,5,5	4,12,5,5	0,0,0,0	0,333,336,359	0,9,2,1	0,9,11,2	0,559,520,27	0,1,0,0	1079.json
1849	3	3	3	1	0	0	0	0	0	77.json
1849	3	3	3	0	0	0	0	0	0	681.json
1336	4,4	5,5	4,4	0,0	0,372	0,1	0,2	0,7	0,0	607.json
1849	7,7,8	7,7,8	7,7,8	0,0,0	0,205,822	0,0,1	0,0,1	0,0,61	0,0,0	1130.json
1849	11,11,11,11,11,11	10,10,10,10,10,10	10,10,10,10,10,10	0,0,0,0,0,0	0,21,21,21,22,363	0,1,2,1,1,1	0,2,4,2,2,2	0,38,46,7,13,90	0,0,0,1,0,0	161.json
1849	3,4,3,3,3,4	3,4,3,3,3,4	3,4,3,3,3,4	1,0,1,1,1,0	0,117,118,195,196,636	0,1,0,1,1,1	0,1,1,2,2,1	0,43,43,10,10,32	0,0,0,0,0,0	1007.json
1849	3,5,5,5	3,5,5,5	3,5,5,5	0,0,0,0	0,302,408,443	0,3,2,1	0,4,4,2	0,119,32,20	0,0,0,0	556.json
1849	3	3	3	0	0	0	0	0	0	675.json
1813	6	5	5	0	0	0	0	0	0	67.json
1849	25,26,26,26,26,28	21,22,22,22,22,23	21,22,22,22,22,24	0,0,0,0,0,0	0,48,49,59,115,438	0,3,1,2,1,3	0,6,2,4,2,4	0,108,8,13,22,122	0,0,0,0,0,0	336.json
1849	3	3	3	0	0	0	0	0	0	680.json
1849	3	3	3	0	0	0	0	0	0	380.json
1800	3	3	3	0	0	0	0	0	0	238.json
1791	8,8,8	8,8,8	8,8,8	0,0,0	0,1,282	0,5,1	0,10,2	0,50,6	0,0,0	685.json
1849	12,8,8,10,11	12,7,7,9,9	12,7,7,9,9	0,0,0,0,0	0,31,72,170,170	0,5,0,7,4	0,14,0,12,7	0,307,0,40,10	0,0,0,0,0	806.json
1560	3	3	3	0	0	0	0	0	0	473.json
1849	5,6	5,6	5,6	0,0	0,201	0,2	0,3	0,22	0,0	933.json
1849	3	3	3	1	0	0	0	0	0	216.json
1849	4	4	4	0	0	0	0	0	0	51.json
1723	3,3	3,3	3,3	1,1	0,50	0,1	0,2	0,17	0,0	467.json
1824	16,16,16,22,24,32,32,42,42,40,41,41	14,16,16,20,21,25,25,35,35,33,34,34	14,16,16,20,21,25,25,35,35,33,34,34	0,0,0,0,0,0,0,0,0,0,0,0	0,0,0,2,5,6,6,11,12,101,797,1450	0,2,2,6,2,12,1,23,1,2,1,1	0,4,4,6,2,16,2,36,2,6,1,2	0,4,51,112,88,352,77,580,31,63,46,28	0,0,0,1,0,0,1,1,1,0,0,0	66.json
1731	9,11	9,11	9,11	0,0	0,1	0,7	0,12	0,176	0,0	1013.json
1849	14,20,19,14	12,19,17,12	14,20,19,14	0,0,0,0	0,475,475,475	0,9,6,1	0,12,13,7	0,160,159,181	0,0,0,0	990.json
1849	3	3	3	0	0	0	0	0	0	1058.json
1849	5	5	5	0	0	0	0	0	0	921.json
1849	3	3	3	0	0	0	0	0	0	329.json
1920	3,3	3,3	3,3	1,1	0,1	0,1	0,2	0,5	0,0	1207.json
1849	6	6	6	0	0	0	0	0	0	1132.json
1849	3,3	3,3	3,3	1,1	0,22	0,0	0,0	0,16	0,0	865.json
1849	3	3	3	0	0	0	0	0	0	129.json
1849	22,22	21,21	21,21	0,0	0,23	0,1	0,2	0,45	0,1	335.json
1849	9,5,6	8,5,6	9,5,6	0,0,0	0,42,43	0,2,2	0,8,3	0,307,62	0,0,0	444.json
1849	1	3	1	0	0	0	0	0	0	588.json
1849	11,11,11	11,11,11	11,11,11	0,0,0	0,30,116	0,1,1	0,2,2	0,43,6	0,0,0	17.json
1790	5	5	5	0	0	0	0	0	0	245.json
1849	10,10,10,10,10	9,9,9,9,9	9,9,9,9,9	0,0,0,0,0	0,126,127,324,330	0,1,1,8,1	0,2,2,16,2	0,4,6,9,5	0,0,0,0,0	145.json
1849	8,8,8,8	8,8,8,8	8,8,8,8	0,0,0,0	0,48,49,59	0,3,2,3	0,6,4,6	0,19,18,19	0,0,0,0	338.json
1849	5,10	5,9	5,9	0,0	0,107	0,7	0,9	0,68	0,0	735.json
1413	4,4,4,4	4,4,4,4	4,4,4,4	0,0,0,0	0,0,1,475	0,1,0,1	0,2,0,2	0,8,0,21	0,0,0,0	844.json
1849	3	3	3	0	0	0	0	0	0	710.json
1849	7,7	7,7	7,7	0,0	0,26	0,2	0,4	0,24	0,0	638.json
1755	21,22,22,19,19,19,18	16,16,16,14,14,14,13	16,17,17,16,16,16,15	0,0,0,0,0,0,0	0,14,23,24,106,120,120	0,2,1,11,1,1,7	0,3,2,25,2,2,15	0,25,6,250,17,11,198	0,0,0,0,0,1,0	869.json
1413	12,12,12,12	11,11,11,11	11,11,11,11	0,0,0,0	0,0,1,475	0,1,0,1	0,2,0,2	0,8,0,21	0,0,0,0	843.json
1373	8,8,8	8,8,8	8,8,8	0,0,0	0,0,7	0,2,0	0,4,0	0,12,0	0,0,0	1024.json
1849	3	3	3	0	0	0	0	0	0	893.json
1849	11,11,11,15,16,16,16,16,16,16,16,18	11,11,11,15,15,14,14,14,14,14,14,16	11,11,11,15,15,14,14,14,14,14,14,16	0,0,0,0,0,0,0,0,0,0,0,0	0,21,21,303,303,303,303,303,303,303,307,822	0,1,1,6,2,2,3,1,1,1,2,2	0,2,2,8,3,4,6,2,2,2,4,2	0,33,20,136,91,14,117,14,38,20,124,124	0,0,0,0,0,0,0,0,0,0,1,0	413.json
1849	8,8,8	6,6,6	6,6,6	0,0,0	0,21,265	0,1,1	0,2,2	0,26,26	0,0,0	420.json
1849	18,18,18,18	15,15,15,15	15,15,15,15	0,0,0,0	0,20,1504,1505	0,2,1,1	0,4,2,2	0,150,5,16	0,0,0,0	1077.json
1849	7	6	6	0	0	0	0	0	0	125.json
1828	3	3	3	1	0	0	0	0	0	180.json
1849	3,3,3	3,3,3	3,3,3	0,0,0	0,337,368	0,1,1	0,2,2	0,37,11	0,1,1	1055.json
1849	11,11,11,11,11,11	10,10,10,10,10,10	10,10,10,10,10,10	0,0,0,0,0,0	0,21,21,21,22,363	0,1,2,1,1,1	0,2,4,2,2,2	0,38,46,7,13,98	0,0,0,1,0,0	150.json
1511	3	3	3	1	0	0	0	0	0	949.json
1849	3,3,3,3,3	3,3,3,3,3	3,3,3,3,3	1,1,1,1,1	0,196,196,200,211	0,0,0,0,0	0,0,0,0,0	0,0,0,0,0	0,0,0,0,0	1107.json
1849	3	3	3	1	0	0	0	0	0	258.json
1849	3	3	3	0	0	0	0	0	0	404.json
1849	9,7,7,7,7,7	9,7,7,7,7,7	9,7,7,7,7,7	0,0,0,0,0,0	0,33,196,335,358,359	0,2,3,1,1,1	0,6,6,2,2,2	0,160,32,36,18,35	0,1,0,0,0,0	251.json
1849	4	4	4	0	0	0	0	0	0	554.json
1849	3	3	3	1	0	0	0	0	0	1061.json
1849	3,3,3,3,3	3,3,3,3,3	3,3,3,3,3	1,1,1,1,1	0,196,196,200,211	0,0,0,0,0	0,0,0,0,0	0,0,0,0,0	0,0,0,0,0	1108.json
1638	8	5	6	0	0	0	0	0	0	447.json
1849	3,3	3,3	3,3	1,1	0,72	0,0	0,0	0,0	0,0	814.json
1920	13,5,3	11,5,3	11,5,3	0,0,0	0,0,85	0,2,1	0,12,4	0,276,121	0,0,0	1177.json
1777	8,5	8,5	8,5	0,0	0,0	0,4	0,11	0,92	0,0	793.json
1849	3,3,3,3,3	3,3,3,3,3	3,3,3,3,3	0,0,0,0,0	0,23,23,30,438	0,1,1,1,1	0,2,2,2,2	0,25,25,26,9	0,0,0,1,1	1043.json
1849	3,3	3,3	3,3	0,0	0,115	0,1	0,3	0,5	0,0	344.json
1764	4,4	4,4	4,4	0,0	0,0	0,1	0,2	0,17	0,0	777.json
1849	3	3	3	0	0	0	0	0	0	102.json
1650	3,3	3,3	3,3	1,1	0,1	0,0	0,0	0,0	0,0	1113.json
1849	4	4	4	0	0	0	0	0	0	541.json
1350	3	3	3	0	0	0	0	0	0	138.json
1917	9,9,8	7,7,7	7,7,7	0,0,0	0,82,105	0,1,3	0,2,6	0,6,47	0,0,0	1188.json
1525	9	9	9	0	0	0	0	0	0	1222.json
1653	3	3	3	1	0	0	0	0	0	1102.json
1835	3	3	3	0	0	0	0	0	0	1200.json
1733	8	9	8	0	0	0	0	0	0	354.json
1849	7	6	6	0	0	0	0	0	0	748.json
1849	11,9,10	11,9,10	11,9,10	0,0,0	0,40,822	0,1,1	0,4,1	0,58,81	0,0,0	24.json
1849	3,4	3,4	3,4	0,0	0,153	0,2	0,3	0,70	0,0	400.json
1560	3	3	3	0	0	0	0	0	0	477.json
1849	4,4	4,4	4,4	0,0	0,26	0,1	0,2	0,14	0,0	635.json
1849	3,3,3	3,3,3	3,3,3	0,0,0	0,337,368	0,1,1	0,2,2	0,37,11	0,1,1	1053.json
1849	3,3	3,3	3,3	0,0	0,33	0,1	0,2	0,12	0,1	1083.json
1520	3	3	3	0	0	0	0	0	0	497.json
1849	4	4	4	0	0	0	0	0	0	318.json
1653	3,3,3	3,3,3	3,3,3	1,1,1	0,2,4	0,1,1	0,2,2	0,10,11	0,0,0	430.json
1673	15,10,10	15,10,10	15,10,10	0,0,0	0,0,141	0,1,1	0,7,2	0,109,1	0,0,0	469.json
1849	8	8	8	0	0	0	0	0	0	60.json
1849	4,4	4,4	4,4	0,0	0,26	0,1	0,2	0,14	0,0	643.json
1909	7,7,7,7	7,7,7,7	7,7,7,7	0,0,0,0	0,3,3,3	0,1,4,0	0,2,8,0	0,6,86,0	0,0,0,0	1148.json
1561	4,4,4,4	4,4,4,4	4,4,4,4	0,0,0,0	0,1,2,8	0,1,1,1	0,2,2,2	0,60,10,70	0,0,0,0	537.json
1849	13,11	11,9	11,9	0,0	0,30	0,1	0,4	0,83	0,0	73.json
1849	19,15	16,13	17,13	0,0	0,33	0,3	0,10	0,149	0,1	96.json
1849	7,7,7,7	7,7,7,7	7,7,7,7	0,0,0,0	0,26,132,884	0,0,0,1	0,0,0,2	0,0,0,7	0,1,0,0	533.json
1849	10,8,9,7,9,8	10,8,9,7,9,8	10,8,9,7,9,8	0,0,0,0,0,0	0,40,171,180,185,196	0,1,1,1,1,2	0,4,1,3,2,4	0,54,47,79,72,115	0,0,0,0,1,0	191.json
1849	3	3	3	0	0	0	0	0	0	253.json
1410	8	7	7	0	0	0	0	0	0	75.json
1849	4	4	4	0	0	0	0	0	0	558.json
1750	3	3	3	1	0	0	0	0	0	875.json
1477	4	4	4	0	0	0	0	0	0	787.json
1828	3	3	3	0	0	0	0	0	0	1096.json
1849	3	3	3	0	0	0	0	0	0	274.json
1849	3,3	3,3	3,3	0,0	0,338	0,1	0,2	0,5	0,0	937.json
1920	2	2	2	0	0	0	0	0	0	1183.json
1666	3,3	3,3	3,3	1,1	0,183	0,1	0,2	0,18	0,0	805.json
1920	3	3	3	1	0	0	0	0	0	1216.json
1413	3,3	3,3	3,3	1,1	0,1	0,0	0,0	0,0	0,0	842.json
1920	3	3	3	1	0	0	0	0	0	1218.json
1653	3,3,3,3,3	3,3,3,3,3	3,3,3,3,3	1,1,1,1,1	0,0,2,4,5	0,1,2,2,2	0,2,4,4,4	0,7,20,21,28	0,0,0,0,0	429.json
1920	3	3	3	1	0	0	0	0	0	1214.json
1849	3	3	3	0	0	0	0	0	0	941.json
1849	3,4,6,6	3,4,6,6	3,4,6,6	0,0,0,0	0,37,37,70	0,1,4,0	0,1,6,0	0,18,159,0	0,0,1,0	799.json
1849	17,4	11,3	16,4	0,0	0,48	0,3	0,19	0,374	0,0	757.json
1500	3	3	3	1	0	0	0	0	0	951.json
1831	4	4	4	0	0	0	0	0	0	765.json
1849	3	3	3	0	0	0	0	0	0	373.json
1732	8,8	7,7	8,8	0,0	0,767	0,1	0,2	0,30	0,0	229.json
1849	3	3	3	0	0	0	0	0	0	305.json
1920	3,3	3,3	3,3	1,1	0,1	0,0	0,0	0,0	0,0	1202.json
1849	5	5	5	0	0	0	0	0	0	127.json
1920	4,4,3	4,4,3	4,4,3	0,0,0	0,1,80	0,1,0	0,2,1	0,10,38	0,0,0	1176.json
1849	3,3,7	3,3,6	3,3,6	0,0,0	0,21,1115	0,1,4	0,2,4	0,23,53	0,0,0	170.json
1849	5	4	4	0	0	0	0	0	0	740.json
1741	39,39,39,39,35,35,35,37,37,23,23,23,25,25	29,29,29,29,27,27,27,29,29,20,20,20,23,23	35,35,35,35,32,32,32,34,34,20,20,20,22,22	0,0,0,0,0,0,0,0,0,0,0,0,0,0	0,9,9,60,76,92,97,227,229,251,336,336,368,368	0,3,1,1,1,2,1,2,2,2,1,1,21,1	0,6,2,2,6,4,2,2,4,18,2,2,40,2	0,20,6,28,212,47,12,126,62,665,41,1,282,13	0,0,0,0,0,0,0,0,0,0,0,0,0,0	802.json
1849	3	3	3	0	0	0	0	0	0	109.json
1477	3	3	3	0	0	0	0	0	0	780.json
1849	11,11,11,11,11,11	11,11,11,11,11,11	11,11,11,11,11,11	0,0,0,0,0,0	0,21,21,21,22,363	0,1,2,2,2,2	0,2,4,4,4,4	0,37,84,14,26,134	0,0,0,1,0,0	153.json
1920	3,3	3,3	3,3	1,1	0,1	0,0	0,0	0,0	0,0	1205.json
1849	10,10,8,8,8	10,10,8,8,8	10,10,8,8,8	0,0,0,0,0	0,9,182,207,207	0,1,3,1,2	0,2,8,2,4	0,54,177,25,10	0,0,1,0,0	440.json
969	3	3	3	0	0	0	0	0	0	855.json
1849	8	8	8	0	0	0	0	0	0	59.json
1849	15,15	12,12	12,12	0,0	0,881	0,1	0,2	0,2	0,0	702.json
1849	20,20,20,21,21,28,21,22,20,20	18,18,18,19,19,26,20,21,20,20	18,18,18,19,19,26,19,20,18,18	0,0,0,0,0,0,0,0,0,0	0,19,48,79,80,80,81,81,81,574	0,0,1,2,1,10,4,2,4,1	0,0,2,3,2,13,15,3,10,2	0,0,8,30,4,265,326,29,116,17	0,0,0,0,0,0,0,0,1,0	514.json
1849	10,11,10,10	9,10,10,10	9,10,10,10	0,0,0,0	0,34,443,443	0,1,1,1	0,1,3,2	0,13,42,1	0,0,0,0	5.json
1849	3	3	3	0	0	0	0	0	0	104.json
1849	3,4	3,4	3,4	1,0	0,734	0,2	0,3	0,84	0,0	221.json
1560	3	3	3	0	0	0	0	0	0	471.json
1635	8,8,8	9,9,9	8,8,8	0,0,0	0,229,496	0,3,1	0,6,2	0,21,19	0,0,0	697.json
1506	8,8,8,9,9	7,7,7,8,8	7,7,7,8,8	0,0,0,0,0	0,0,0,6,7	0,3,1,1,1	0,6,2,1,2	0,9,8,45,11	0,0,0,0,0	952.json
1849	4,4	4,4	4,4	0,0	0,26	0,1	0,2	0,12	0,0	645.json
1849	6	6	6	0	0	0	0	0	0	248.json
1805	9,10,10,10	7,8,8,8	8,9,9,9	0,0,0,0	0,0,0,296	0,2,1,1	0,3,2,2	0,83,6,6	0,0,0,0	764.json
1849	9,8,12,12,12	8,8,9,10,10	9,8,9,10,10	0,0,0,0,0	0,16,21,107,200	0,2,6,1,1	0,5,8,1,2	0,22,97,93,33	0,0,1,0,0	1046.json
1849	5,3,3,3	3,3,3,3	5,3,3,3	0,0,0,0	0,35,72,435	0,1,0,1	0,4,0,2	0,152,0,40	0,0,0,0	818.json
1849	3	3	3	0	0	0	0	0	0	939.json
1849	4,4	4,4	4,4	0,0	0,26	0,1	0,2	0,14	0,0	636.json
1849	20,17,16,16,16,16,16,14,14,14,14	18,15,14,14,14,14,14,13,13,13,13	18,15,14,14,14,14,14,13,13,13,13	0,0,0,0,0,0,0,0,0,0,0	0,20,21,21,21,21,22,22,126,207,363	0,2,0,1,2,1,1,1,0,1,1	0,7,1,2,4,2,2,4,0,2,2	0,115,56,23,50,7,13,188,0,21,19	0,0,0,0,0,1,0,0,0,0,0	171.json
1413	3,3	3,3	3,3	1,1	0,1	0,0	0,0	0,0	0,0	839.json
1849	14,14,8	14,14,8	14,14,8	0,0,0	0,24,50	0,2,1	0,4,8	0,9,207	0,0,0	304.json
1849	9	9	9	0	0	0	0	0	0	324.json
1477	4,4	4,4	4,4	0,0	0,1	0,2	0,4	0,28	0,0	784.json
1849	4,4	3,3	4,4	0,0	0,167	0,2	0,4	0,37	0,0	298.json
1684	3,3,3	3,3,3	3,3,3	0,0,0	0,49,173	0,3,0	0,6,0	0,11,0	0,1,0	887.json
1141	11	10	11	0	0	0	0	0	0	926.json
1911	4	3	4	0	0	0	0	0	0	1212.json
1731	3	3	3	1	0	0	0	0	0	213.json
1763	3,3,3,3	3,3,3,3	3,3,3,3	1,1,1,1	0,47,277,280	0,0,1,1	0,0,2,2	0,0,14,14	0,0,0,0	596.json
1849	3	3	3	0	0	0	0	0	0	55.json
1849	17,12,11	14,9,8	14,9,8	0,0,0	0,34,196	0,1,2	0,7,5	0,155,49	0,0,0	426.json
1849	3,3,4,7	3,3,4,6	3,3,4,6	1,1,0,0	0,19,19,20	0,0,1,4	0,0,1,5	0,0,33,82	0,0,0,0	504.json
1849	6,6,6	6,6,6	6,6,6	0,0,0	0,37,219	0,0,1	0,0,2	0,16,32	0,0,0	874.json
1849	10,10	10,10	10,10	0,0	0,884	0,1	0,2	0,7	0,0	83.json
1849	3,3	3,3	3,3	0,0	0,98	0,1	0,2	0,25	0,0	924.json
1849	7	7	7	0	0	0	0	0	0	117.json
1849	3	3	3	1	0	0	0	0	0	212.json
1849	3	3	3	0	0	0	0	0	0	270.json
1800	3	3	3	1	0	0	0	0	0	241.json
1806	12,19,19,19	4,8,8,8	12,16,16,16	0,0,0,0	0,260,261,261	0,8,1,1	0,9,2,2	0,265,17,1	0,0,0,1	409.json
1509	11	12	11	0	0	0	0	0	0	728.json
1849	3,3	3,3	3,3	1,1	0,37	0,0	0,0	0,0	0,0	876.json
1849	6,3,3	3,3,3	6,3,3	0,0,0	0,167,167	0,1,1	0,2,2	0,100,10	0,0,0	217.json
1920	3,4,4,4,4,3	3,4,4,4,4,3	3,4,4,4,4,3	0,0,0,0,0,0	0,92,98,98,99,400	0,2,1,1,1,1	0,3,2,2,2,3	0,19,6,40,13,19	0,1,0,0,0,0	1172.json
1919	3,3	3,3	3,3	1,1	0,399	0,2	0,4	0,25	0,0	1220.json
1920	20,19,19,19	12,7,7,7	9,7,7,7	0,0,0,0	0,88,89,108	0,2,1,1	0,5,2,2	0,63,1,9	0,0,0,0	1181.json
1560	3	3	3	0	0	0	0	0	0	478.json
1828	3,3,3,3	3,3,3,3	3,3,3,3	0,0,0,0	0,319,422,422	0,1,1,1	0,2,2,2	0,6,44,1	0,0,0,0	723.json
1509	3	3	3	0	0	0	0	0	0	725.json
1849	10,8	10,8	10,8	0,0	0,107	0,1	0,4	0,45	0,0	747.json
1520	3	3	3	1	0	0	0	0	0	498.json
1849	9,9	9,9	9,9	0,0	0,20	0,1	0,2	0,31	0,0	551.json
1849	23,24,24	17,17,17	20,20,20	0,0,0	0,443,443	0,2,1	0,3,2	0,50,1	0,0,0	2.json
1789	6,11,11,11,11,11	6,9,9,9,9,9	6,9,9,9,9,9	0,0,0,0,0,0	0,6,9,9,18,56	0,10,1,0,2,2	0,15,2,0,4,4	0,156,35,0,37,14	0,0,0,0,0,0	803.json
1405	3,3,3,3,7	3,3,3,3,7	3,3,3,3,7	0,0,0,0,0	0,0,0,0,0	0,1,0,2,5	0,2,0,4,6	0,7,0,30,101	0,0,0,0,0	1017.json
1849	3	3	3	0	0	0	0	0	0	132.json
1919	3,3	3,3	3,3	1,1	0,399	0,2	0,4	0,18	0,0	1209.json
1849	3	3	3	0	0	0	0	0	0	133.json
1849	3	3	3	1	0	0	0	0	0	275.json
1777	47,47,47,48,50,50,49,50,50,50,50,53,53	34,34,34,34,35,35,35,36,36,36,36,38,38	34,34,34,35,37,37,36,37,37,37,37,39,39	0,0,0,0,0,0,0,0,0,0,0,0,0	0,0,1,7,60,64,80,111,111,123,124,295,298	0,1,0,5,3,3,1,1,1,1,1,5,1	0,2,0,9,4,6,3,1,2,2,2,7,2	0,14,0,101,9,63,126,50,4,15,10,316,12	0,0,0,0,0,0,0,0,1,0,0,0,0	828.json
1643	3,8,8,8	3,4,4,4	3,7,7,7	0,0,0,0	0,8,132,155	0,7,0,2	0,9,0,4	0,169,0,14	0,1,0,1	882.json
1849	3,3,3	3,3,3	3,3,3	0,0,0	0,196,199	0,2,2	0,4,4	0,40,63	0,0,1	437.json
1849	3,3	3,3	3,3	0,0	0,884	0,1	0,2	0,23	0,0	11.json
1849	5,5,5	5,5,5	5,5,5	0,0,0	0,23,34	0,2,1	0,4,2	0,38,5	0,1,0	249.json
1849	3,3	3,3	3,3	0,0	0,19	0,0	0,0	0,0	0,0	508.json
1635	3,3	3,3	3,3	0,0	0,22	0,1	0,2	0,8	0,1	754.json
1827	3,3,3	3,3,3	3,3,3	0,0,0	0,0,104	0,0,0	0,0,0	0,0,0	0,0,0	166.json
1732	3	3	3	0	0	0	0	0	0	771.json
1741	3,3	3,3	3,3	1,1	0,92	0,0	0,0	0,0	0,0	1111.json
1888	3,3,3,3	3,3,3,3	3,3,3,3	1,1,1,0	0,7,53,66	0,0,3,3	0,0,6,6	0,1,16,46	0,0,0,0	1174.json
1849	8	8	8	0	0	0	0	0	0	58.json
1642	7,7	7,7	7,7	0,0	0,131	0,1	0,2	0,6	0,0	929.json
1849	7	7	7	0	0	0	0	0	0	1099.json
1920	6,3,7,7,7	5,3,6,6,4	5,3,6,6,7	0,0,0,0,0	0,1,89,98,98	0,1,5,1,5	0,5,6,2,10	0,122,197,6,171	0,0,0,0,0	1170.json
1849	3	3	3	0	0	0	0	0	0	649.json
1849	3	3	3	0	0	0	0	0	0	729.json
1805	11,14,14,14,14,8,8	11,13,13,13,13,7,7	11,12,12,12,12,7,7	0,0,0,0,0,0,0	0,0,1,1,163,170,170	0,3,1,1,1,4,1	0,3,2,2,2,14,2	0,38,4,4,27,258,18	0,0,0,1,0,1,0	717.json
1920	19,20,19,10	14,15,15,6	11,12,12,6	0,0,0,0	0,0,85,85	0,3,3,2	0,5,7,13	0,61,76,485	0,0,0,0	1178.json
1849	3,3,3	3,3,3	3,3,3	1,1,1	0,72,366	0,0,1	0,0,2	0,16,18	0,0,0	804.json
1849	14,14,14	11,11,11	11,11,11	0,0,0	0,26,132	0,0,0	0,0,0	0,2,0	0,1,0	531.json
1849	4	4	4	0	0	0	0	0	0	50.json
1684	6,6,6,6,6,6	6,6,6,6,6,6	6,6,6,6,6,6	0,0,0,0,0,0	0,1,1,42,173,274	0,1,1,1,0,1	0,2,2,2,0,2	0,17,6,25,0,9	0,0,0,0,0,0	881.json
1849	9,9	7,7	7,7	0,0	0,21	0,2	0,4	0,10	0,0	923.json
1466	14	12	13	0	0	0	0	0	0	792.json
1635	4	3	4	0	0	0	0	0	0	879.json
1849	5,5	3,3	5,5	0,0	0,26	0,1	0,2	0,16	0,0	646.json
1918	3,3	3,3	3,3	0,0	0,83	0,1	0,2	0,6	0,0	1190.json
1849	15,14,14,14,14,11,11,11,11	13,12,12,12,12,10,10,10,10	13,12,12,12,12,10,10,10,10	0,0,0,0,0,0,0,0,0	0,21,21,21,22,22,22,126,363	0,0,1,2,1,1,0,0,1	0,1,2,4,2,5,0,0,2	0,87,23,39,13,208,0,0,21	0,0,0,0,0,0,0,0,0	162.json
1849	9,9,9	9,9,9	9,9,9	0,0,0	0,20,26	0,1,1	0,2,2	0,31,16	0,0,0	642.json
1849	6	6	6	0	0	0	0	0	0	368.json
1849	3	3	3	0	0	0	0	0	0	215.json
1849	13,13,26,26,26,23,17,18,18	11,12,20,20,20,18,15,15,15	13,13,20,20,20,18,14,15,15	0,0,0,0,0,0,0,0,0	0,30,115,117,117,207,207,207,362	0,1,24,1,1,1,0,2,2	0,2,35,2,2,5,6,3,4	0,305,531,17,9,141,167,36,29	0,0,0,0,0,0,0,0,0	351.json
1784	3,3,6,6,6	3,3,6,6,6	3,3,6,6,6	0,0,0,0,0	0,0,2,5,135	0,1,5,0,1	0,2,7,0,2	0,1,136,0,17	0,1,0,0,0	778.json
1849	25,20,19,19,19,19,19,12,12,12	20,17,16,16,16,16,16,10,10,10	23,17,16,16,16,16,16,10,10,10	0,0,0,0,0,0,0,0,0,0	0,20,21,21,21,21,22,22,126,363	0,3,0,1,3,1,1,2,0,1	0,9,1,2,6,2,2,11,0,2	0,229,56,23,62,7,13,380,0,19	0,0,0,0,0,1,0,0,0,0	174.json
1653	3	3	3	1	0	0	0	0	0	1106.json
1849	3	3	3	0	0	0	0	0	0	1057.json
1849	14,9	13,9	13,9	0,0	0,9	0,0	0,5	0,159	0,0	441.json
1920	3,3	3,3	3,3	1,1	0,1	0,0	0,0	0,0	0,0	1204.json
1583	7,7,7	7,7,7	7,7,7	0,0,0	0,437,441	0,2,1	0,4,2	0,9,6	0,0,0	632.json
1477	4,4	4,4	4,4	0,0	0,1	0,2	0,4	0,28	0,0	785.json
1412	11,11,4,4	10,10,4,4	10,10,4,4	0,0,0,0	0,0,0,474	0,0,1,1	0,0,9,2	0,0,156,21	0,0,0,0	845.json
1909	8,8,8,7	8,8,8,7	8,8,8,7	0,0,0,0	0,0,279,279	0,1,1,0	0,2,2,1	0,40,15,20	0,0,1,1	1140.json
1849	3,3	3,3	3,3	0,0	0,36	0,1	0,2	0,59	0,0	1093.json
1387	4,7,4	4,5,4	4,7,4	0,0,0	0,418,418	0,5,1	0,7,5	0,115,112	0,0,0	852.json
1920	7,7,8,3	8,8,9,3	7,7,8,3	0,0,0,1	0,1,32,400	0,4,1,1	0,8,1,7	0,59,13,182	0,0,0,0	1219.json
1849	8,8	7,7	8,8	0,0	0,19	0,0	0,0	0,0	0,0	517.json
1849	8	7	7	0	0	0	0	0	0	54.json
344	3	3	3	0	0	0	0	0	0	1078.json
1849	3	3	3	1	0	0	0	0	0	203.json
1849	3,3,3	3,3,3	3,3,3	1,1,1	0,408,443	0,2,2	0,4,4	0,25,25	0,0,1	569.json
1560	3	3	3	1	0	0	0	0	0	470.json
1909	4,4	4,4	4,4	0,0	0,3	0,0	0,0	0,0	0,0	1149.json
1849	23,23,22,22,22,22,22	23,23,22,22,22,22,22	23,23,22,22,22,22,22	0,0,0,0,0,0,0	0,48,49,59,362,443,443	0,3,4,1,4,1,1	0,6,9,2,8,2,2	0,35,131,7,27,45,1	0,0,0,0,0,0,0	321.json
1849	13,13,13	11,11,11	11,11,11	0,0,0	0,324,330	0,10,1	0,20,2	0,11,5	0,0,0	144.json
1849	3	3	3	0	0	0	0	0	0	9.json
1827	3,3,3	3,3,3	3,3,3	0,0,0	0,0,104	0,1,0	0,2,0	0,5,0	0,0,0	172.json
1849	8,8,8	8,8,8	8,8,8	0,0,0	0,16,21	0,0,2	0,0,4	0,0,10	0,0,0	233.json
1560	3	3	3	0	0	0	0	0	0	472.json
1451	6	6	6	0	0	0	0	0	0	931.json
1849	21,21	15,15	16,16	0,0	0,33	0,2	0,4	0,8	0,1	326.json
1849	23,21,23,23	22,19,20,20	22,19,20,20	0,0,0,0	0,23,42,317	0,1,4,1	0,4,6,2	0,141,97,6	0,0,0,0	672.json
1849	8,8,8,8,8,8	6,6,6,6,6,6	6,6,6,6,6,6	0,0,0,0,0,0	0,15,26,49,132,302	0,1,0,1,0,1	0,2,0,2,0,2	0,21,0,7,0,12	0,0,1,0,0,0	532.json
1849	3,3	3,3	3,3	0,0	0,25	0,3	0,6	0,17	0,0	62.json
1387	3,3,3	3,3,3	3,3,3	0,0,0	0,418,449	0,1,1	0,2,2	0,7,4	0,0,0	851.json
1671	5,5,10,10,8,8,10,10	5,5,7,7,6,6,7,7	5,5,8,8,7,7,8,8	0,0,0,0,0,0,0,0	0,1,87,89,113,114,116,118	0,1,8,1,5,1,7,4	0,2,11,2,12,2,12,8	0,3,269,7,167,4,147,75	0,0,0,0,1,1,0,0	1123.json
1849	3,3,6,6,6,4	3,3,6,6,6,4	3,3,6,6,6,4	1,1,0,0,0,0	0,116,116,117,117,118	0,2,3,1,1,1	0,4,3,2,2,4	0,26,84,55,31,69	0,0,0,0,0,0	1008.json
1405	3,3,3,7	3,3,3,7	3,3,3,7	0,0,0,0	0,0,0,0	0,1,0,5	0,2,0,6	0,7,0,101	0,0,0,0	1018.json
1732	3	3	3	1	0	0	0	0	0	228.json
1849	22,22,18,22,22,22,22,22	18,18,15,18,18,18,18,19	18,18,16,19,19,19,19,19	0,0,0,0,0,0,0,0	0,26,26,357,358,443,443,443	0,1,2,4,1,1,1,3	0,2,8,4,2,2,2,6	0,16,50,112,30,34,1,109	0,0,0,0,0,0,0,0	618.json
1466	3	3	3	0	0	0	0	0	0	782.json
1849	7,6,6	6,5,5	6,5,5	0,0,0	0,26,26	0,1,1	0,3,2	0,8,14	0,1,0	639.json
1839	4,4	4,4	4,4	0,0	0,3	0,0	0,0	0,0	0,0	581.json
1767	6,6,6,6	6,6,6,6	6,6,6,6	0,0,0,0	0,313,362,362	0,1,1,1	0,2,2,2	0,8,30,1	0,0,0,0	515.json
1732	3	3	3	0	0	0	0	0	0	230.json
1849	3	3	3	0	0	0	0	0	0	378.json
1750	3	3	3	1	0	0	0	0	0	179.json
1849	8,8,8	8,8,7	8,8,7	0,0,0	0,169,182	0,1,2	0,2,4	0,53,38	0,0,0	442.json
1763	3,3	3,3	3,3	0,0	0,47	0,0	0,0	0,0	0,0	597.json
1827	3,3,3	3,3,3	3,3,3	0,0,0	0,0,104	0,0,0	0,0,0	0,0,0	0,0,0	187.json
1849	8	8	8	0	0	0	0	0	0	341.json
1849	3	3	3	0	0	0	0	0	0	408.json
1849	3,3	3,3	3,3	1,1	0,23	0,2	0,4	0,20	0,1	247.json
1911	4,4	3,3	4,4	0,0	0,76	0,1	0,2	0,6	0,0	1193.json
1723	3,3,3	3,3,3	3,3,3	0,0,0	0,318,456	0,1,1	0,2,2	0,6,6	0,0,0	458.json
1800	7,7,7	7,7,7	7,7,7	0,0,0	0,0,834	0,1,1	0,2,2	0,14,28	0,0,0	242.json
1642	3	3	3	0	0	0	0	0	0	342.json
1849	3	3	3	1	0	0	0	0	0	202.json
1849	8	6	6	0	0	0	0	0	0	1.json
1849	3	3	3	0	0	0	0	0	0	744.json
1828	6,7	6,7	6,7	0,0	0,0	0,1	0,1	0,55	0,0	1001.json
1410	11,3	10,3	10,3	0,1	0,0	0,1	0,10	0,300	0,1	1040.json
1849	5,5,6,5,12,15,15,15	5,5,6,5,8,13,13,13	5,5,6,5,10,13,13,13	0,0,0,0,0,0,0,0	0,19,19,20,78,80,443,443	0,0,1,1,10,10,1,1	0,0,1,3,13,17,2,2	0,0,33,38,222,35,35,1	0,0,0,0,1,0,0,0	511.json
1849	4	4	4	0	0	0	0	0	0	734.json
1849	3	3	3	1	0	0	0	0	0	189.json
1732	9,9	7,7	7,7	0,0	0,0	0,3	0,6	0,18	0,0	1010.json
1849	3,3,3	3,3,3	3,3,3	0,0,0	0,132,884	0,0,1	0,0,2	0,0,7	0,0,0	528.json
1373	12	13	12	0	0	0	0	0	0	992.json
1146	3,3	3,3	3,3	0,0	0,4	0,1	0,2	0,10	0,0	633.json
1849	3,3,3,3	3,3,3,3	3,3,3,3	1,1,1,1	0,17,17,338	0,1,1,1	0,2,2,2	0,21,14,14	0,1,0,0	938.json
1849	3	3	3	0	0	0	0	0	0	78.json
1646	10,10	10,10	10,10	0,0	0,114	0,1	0,2	0,11	0,0	809.json
1849	11,7,6,3,3	10,6,5,3,3	10,6,5,3,3	0,0,0,0,0	0,19,20,26,288	0,2,0,0,1	0,8,1,3,2	0,129,30,116,7	0,0,0,0,0	553.json
1525	4,4	3,3	4,4	0,0	0,119	0,1	0,2	0,20	0,0	65.json
1849	11	12	11	0	0	0	0	0	0	565.json
1849	1	3	1	0	0	0	0	0	0	586.json
1849	5,5,4	4,4,4	4,4,4	0,0,0	0,21,132	0,1,0	0,2,0	0,33,1	0,0,0	656.json
1849	9,9,9,7	9,9,9,7	9,9,9,7	0,0,0,0	0,37,37,540	0,1,1,1	0,2,2,4	0,30,9,153	0,0,0,1	414.json
1849	10,10	9,9	9,9	0,0	0,23	0,1	0,2	0,14	0,0	393.json
1849	4,4,4,4	3,3,4,4	4,4,4,4	0,0,0,0	0,21,443,443	0,1,2,1	0,2,4,2	0,26,112,1	0,0,0,0	23.json
1849	9,10	10,11	9,10	0,0	0,34	0,1	0,1	0,13	0,0	128.json
1849	32,34,33,34,35,35,35,36,35,32,31,31,31,33,31,31,31,31,31,30,30,28,34,34,33	26,24,23,24,24,24,24,25,24,22,21,21,21,22,21,21,21,21,21,20,20,19,23,23,23	27,26,25,26,26,26,26,27,26,23,22,22,22,23,22,22,22,22,22,21,21,20,24,24,24	0,0,0,0,0,0,0,0,0,0,0,0,0,0,0,0,0,0,0,0,0,0,0,0,0	0,15,16,16,20,21,29,84,105,177,177,178,195,195,196,196,196,196,199,200,200,211,442,442,443	0,3,1,1,2,1,1,2,0,1,1,1,1,2,0,1,1,1,1,0,2,5,7,1,0	0,14,3,1,3,2,2,3,1,5,3,2,2,2,2,2,2,2,2,1,4,12,8,2,1	0,273,64,32,48,50,14,47,19,184,29,5,7,54,45,23,16,14,31,74,31,201,203,29,92	0,1,0,1,0,0,0,0,0,0,0,0,0,0,0,0,0,0,1,0,0,0,0,0,0	1120.json
1849	3	3	3	0	0	0	0	0	0	1059.json
1849	14,14,14	10,10,10	10,10,10	0,0,0	0,531,535	0,1,1	0,2,2	0,67,14	0,0,0	701.json
1849	3	3	3	0	0	0	0	0	0	374.json
1849	14,14,15	13,13,14	14,14,15	0,0,0	0,30,34	0,1,1	0,2,1	0,43,13	0,0,0	21.json
1849	3,3,3,4	3,3,3,4	3,3,3,4	1,1,1,0	0,9,9,39	0,0,0,2	0,0,0,3	0,0,0,88	0,0,0,0	864.json
1413	3,3	3,3	3,3	1,1	0,1	0,0	0,0	0,0	0,0	841.json
1849	5,4,4,4,5	4,3,3,3,3	5,4,4,4,5	0,0,0,0,0	0,26,52,214,443	0,2,2,1,3	0,5,4,2,5	0,56,6,5,74	0,1,0,1,0	695.json
1763	8,8,8,8	8,8,8,8	8,8,8,8	0,0,0,0	0,47,332,911	0,0,2,1	0,0,4,2	0,0,20,5	0,0,0,0	594.json
1849	9,4	7,4	7,4	0,0	0,23	0,1	0,7	0,39	0,0	424.json
1849	3	3	3	0	0	0	0	0	0	57.json
1849	11,11,11,11,11,11	10,10,10,10,10,10	10,10,10,10,10,10	0,0,0,0,0,0	0,21,21,21,22,363	0,1,2,1,1,1	0,2,4,2,2,2	0,38,46,7,13,102	0,0,0,1,0,0	149.json
1920	3	3	3	1	0	0	0	0	0	1196.json
1849	3,3,7	3,3,7	3,3,7	0,0,0	0,48,49	0,1,5	0,2,6	0,15,117	0,0,0	398.json
1849	4	4	4	0	0	0	0	0	0	122.json
1849	11,11	10,10	10,10	0,0	0,21	0,3	0,6	0,44	0,0	151.json
1849	4	3	3	0	0	0	0	0	0	74.json
1723	5,7,7,9,9	6,7,7,8,8	5,7,7,8,8	0,0,0,0,0	0,1,318,318,318	0,3,2,3,2	0,4,4,4,4	0,9,40,107,10	0,1,0,1,0	465.json
1920	3,3	3,3	3,3	1,1	0,1	0,0	0,0	0,0	0,0	1206.json
1849	4	4	4	0	0	0	0	0	0	557.json
1849	3	3	3	0	0	0	0	0	0	677.json
1827	3,3,3	3,3,3	3,3,3	0,0,0	0,0,104	0,0,0	0,0,0	0,0,0	0,0,0	158.json
1547	4	4	4	0	0	0	0	0	0	561.json
1828	10,10,12,11	7,7,7,7	9,9,9,8	0,0,0,0	0,0,319,322	0,1,8,1	0,2,14,3	0,41,252,10	0,0,0,0	724.json
1477	3	3	3	0	0	0	0	0	0	779.json
1849	12,12	12,12	12,12	0,0	0,24	0,1	0,2	0,34	0,0	332.json
1849	7	7	7	0	0	0	0	0	0	118.json
1849	3,7,7,8,4	3,6,6,7,4	3,6,6,7,4	1,0,0,0,0	0,18,20,177,395	0,5,1,3,2	0,6,2,5,8	0,80,9,87,63	0,0,0,0,0	1075.json
1849	3	3	3	0	0	0	0	0	0	80.json
1849	20,20,20,20,20,19,19,19	15,15,15,15,15,15,15,15	17,17,17,17,17,17,17,17	0,0,0,0,0,0,0,0	0,25,126,127,324,335,443,443	0,1,1,1,16,2,1,1	0,2,2,2,32,5,2,2	0,5,4,6,24,84,50,1	0,0,0,0,0,0,0,0	142.json
1723	3,3,3	3,3,3	3,3,3	0,0,0	0,318,456	0,1,1	0,2,2	0,6,6	0,0,0	461.json
1642	3	3	3	0	0	0	0	0	0	928.json
1849	3	3	3	0	0	0	0	0	0	942.json
1849	3	3	3	1	0	0	0	0	0	1012.json
1917	3,3	3,3	3,3	0,0	0,1	0,0	0,0	0,0	0,0	1224.json
1849	3,15,15,17,17	3,12,12,17,17	3,12,12,16,16	0,0,0,0,0	0,31,72,203,317	0,14,0,14,1	0,16,0,26,2	0,339,0,189,11	0,0,0,0,0	810.json
1849	6,11,6,6,4,5,5	6,9,6,6,4,5,5	6,9,6,6,4,5,5	0,0,0,0,0,0,0	0,17,17,21,21,201,338	0,6,1,1,1,2,1	0,7,7,2,4,3,2	0,109,99,39,101,22,6	0,1,0,0,0,0,0	932.json
1849	12,16,16	10,13,13	11,13,13	0,0,0	0,46,46	0,6,2	0,8,4	0,155,10	0,0,0	7.json
1849	6	6	6	0	0	0	0	0	0	260.json
1405	8	9	8	0	0	0	0	0	0	572.json
1849	4,4,4,4	4,4,4,4	4,4,4,4	0,0,0,0	0,335,358,359	0,1,1,1	0,2,2,2	0,47,60,48	0,0,0,0	982.json
1849	18,16,15,12,17,22,23,17	13,11,11,9,15,19,20,13	16,15,14,11,16,20,21,15	0,0,0,0,0,0,0,0	0,34,39,48,48,49,59,202	0,4,2,3,15,9,8,14	0,10,5,9,25,13,15,34	0,250,117,113,213,205,177,232	0,0,0,0,0,0,0,0	244.json
1518	3	3	3	0	0	0	0	0	0	222.json
1807	10,11,13,12,9	5,9,9,9,6	8,9,11,10,7	0,0,0,0,0	0,1,2,3,172	0,6,8,2,4	0,11,14,5,11	0,217,302,89,178	0,0,0,0,1	763.json
1406	5,3,4	3,3,4	3,3,4	0,0,0	0,1,1	0,1,2	0,4,3	0,212,58	0,0,0	1127.json
1849	3,3	3,3	3,3	0,0	0,21	0,1	0,2	0,5	0,1	1097.json
1511	3	3	3	0	0	0	0	0	0	953.json
1511	6,6	6,6	6,6	0,0	0,0	0,1	0,2	0,29	0,0	947.json
1849	7,7,7,7	7,7,7,7	7,7,7,7	0,0,0,0	0,20,26,443	0,1,1,1	0,2,2,2	0,5,13,20	0,0,0,0	651.json
1849	3,3	3,3	3,3	0,0	0,205	0,0	0,0	0,0	0,0	1128.json
1800	3	3	3	1	0	0	0	0	0	240.json
1849	3	3	3	0	0	0	0	0	0	944.json
1413	6,6,6	6,6,6	6,6,6	0,0,0	0,0,475	0,1,1	0,2,2	0,8,21	0,0,0	816.json
1849	3,3	3,3	3,3	1,1	0,19	0,0	0,0	0,0	0,0	503.json
1849	4	4	4	0	0	0	0	0	0	371.json
1849	3	3	3	0	0	0	0	0	0	1060.json
1849	14,13,13,13,13,11,11,11,11	12,11,11,11,11,10,10,10,10	12,11,11,11,11,10,10,10,10	0,0,0,0,0,0,0,0,0	0,21,21,21,22,22,22,126,363	0,0,1,2,1,1,0,0,1	0,1,2,4,2,4,0,0,2	0,67,23,39,13,162,0,0,21	0,0,0,0,0,0,0,0,0	186.json
1830	18,24,24,24,24,24,23	19,26,26,26,26,26,25	18,24,24,24,24,24,23	0,0,0,0,0,0,0	0,1,1,7,278,424,807	0,9,2,2,1,2,0	0,12,4,4,2,4,1	0,381,26,508,13,40,38	0,1,0,0,0,0,0	617.json
1849	3	3	3	0	0	0	0	0	0	103.json
1849	3	3	3	0	0	0	0	0	0	106.json
1849	7	7	7	0	0	0	0	0	0	348.json
1849	14,15	14,15	13,14	0,0	0,34	0,1	0,1	0,13	0,0	312.json
1920	15,15,12,12,18,20,21,22,22,22,21,23	9,9,8,8,11,12,13,13,13,13,13,15	13,13,11,11,14,15,16,17,17,17,17,19	0,0,0,0,0,0,0,0,0,0,0,0	0,32,35,89,92,98,98,98,108,108,400,448	0,2,1,1,9,3,1,2,1,1,2,3	0,4,5,2,12,4,1,3,2,2,5,4	0,78,89,7,265,40,14,132,16,9,37,105	0,0,0,0,1,0,0,0,0,0,0,0	1195.json
1723	3,3	3,3	3,3	1,1	0,318	0,1	0,2	0,5	0,0	466.json
1849	9	8	8	0	0	0	0	0	0	311.json
1733	5,12,9,13,13,10,6	6,9,7,10,10,8,5	5,9,7,10,10,8,5	0,0,0,0,0,0,0	0,1,1,3,3,7,12	0,8,0,5,1,0,0	0,9,3,6,2,3,4	0,167,110,118,3,115,46	0,0,1,1,0,0,0	436.json
1216	4	4	4	0	0	0	0	0	0	655.json
1849	3	3	3	1	0	0	0	0	0	568.json
1911	11,11,11,11,12	10,10,10,10,11	9,9,9,9,10	0,0,0,0,0	0,0,0,0,2	0,0,1,0,3	0,0,2,0,5	0,0,8,0,53	0,0,0,0,0	1142.json
1849	6	6	6	0	0	0	0	0	0	1131.json
1793	8,8,8	5,5,5	6,6,6	0,0,0	0,158,284	0,2,1	0,4,2	0,13,6	0,1,0	745.json
1849	11,6,6	9,5,5	9,5,5	0,0,0	0,132,438	0,0,1	0,0,2	0,171,23	0,0,0	608.json
1849	3	3	3	0	0	0	0	0	0	111.json
1823	3	3	3	0	0	0	0	0	0	673.json
1849	3,3,3	3,3,3	3,3,3	1,1,1	0,408,443	0,2,2	0,4,4	0,25,25	0,0,1	573.json
1849	9,9,9,10	9,9,9,9	9,9,9,9	0,0,0,0	0,71,72,135	0,0,0,3	0,0,0,5	0,80,0,33	0,0,0,0	835.json
1849	6	6	6	0	0	0	0	0	0	390.json
1849	3	3	3	0	0	0	0	0	0	422.json
1849	6	6	6	0	0	0	0	0	0	320.json
1849	3	3	3	1	0	0	0	0	0	295.json
1435	16,14,22	13,11,17	13,11,17	0,0,0	0,5,7	0,1,17	0,4,26	0,105,113	0,0,0	1226.json
1849	4,4,4,4	4,4,4,4	4,4,4,4	0,0,0,0	0,21,33,72	0,1,1,0	0,2,2,0	0,23,49,0	0,0,0,0	827.json
1849	14	14	14	0	0	0	0	0	0	367.json
1849	6,6,6,6	6,6,6,6	6,6,6,6	0,0,0,0	0,73,73,884	0,0,0,1	0,0,0,2	0,0,0,7	0,0,0,0	848.json
1849	4	4	4	0	0	0	0	0	0	412.json
1849	6	6	6	0	0	0	0	0	0	406.json
1775	34,34,36,35,36,30,30,30,30,35	24,24,25,24,24,23,23,23,23,27	23,23,24,24,24,23,23,23,23,27	0,0,0,0,0,0,0,0,0,0	0,0,4,4,43,44,44,112,126,332	0,0,5,7,3,1,1,1,1,5	0,0,8,15,5,8,2,2,2,5	0,0,81,166,130,353,3,17,13,153	0,0,0,0,0,0,1,0,0,0	847.json
1405	3	3	3	0	0	0	0	0	0	456.json
1477	3,3	3,3	3,3	0,0	0,11	0,2	0,4	0,46	0,0	789.json
1511	3,3	3,3	3,3	1,1	0,2	0,1	0,2	0,4	0,0	950.json
1849	9	7	7	0	0	0	0	0	0	1070.json
1849	12,12,12,12,12	10,10,10,10,10	10,10,10,10,10	0,0,0,0,0	0,21,21,22,363	0,1,1,1,1	0,2,2,2,2	0,30,35,13,26	0,0,0,0,0	173.json
1650	3,3	3,3	3,3	1,1	0,1	0,0	0,0	0,0	0,0	1112.json
1849	3,3	3,3	3,3	1,1	0,19	0,0	0,0	0,0	0,0	501.json
1849	2	2	2	0	0	0	0	0	0	679.json
969	3	3	3	0	0	0	0	0	0	856.json
1849	3,3	3,3	3,3	1,1	0,72	0,0	0,0	0,16	0,0	813.json
1849	17,16,16,16,15,15,16,15	15,13,13,13,12,12,13,12	15,13,13,13,12,12,13,12	0,0,0,0,0,0,0,0	0,23,48,49,49,165,670,673	0,3,2,7,1,1,2,1	0,7,4,14,3,2,3,3	0,204,13,187,84,27,104,114	0,0,0,0,0,0,0,0	395.json
1849	3,3,3	3,3,3	3,3,3	0,0,0	0,37,98	0,0,1	0,0,2	0,0,25	0,0,0	878.json
1723	7,9,15	8,9,13	7,9,13	0,0,0	0,0,100	0,3,6	0,4,6	0,9,141	0,0,0	480.json
1849	3,3,3,5,8,5,8,8	3,3,3,5,7,5,7,7	3,3,3,5,7,5,7,7	0,0,0,0,0,0,0,0	0,18,56,115,116,118,122,151	0,1,1,3,3,0,3,1	0,2,2,4,3,3,3,2	0,17,6,135,110,110,115,10	0,0,0,0,1,1,0,0	434.json
1778	20,20,20,19,11,11,11,9	16,16,16,15,10,10,10,8	15,15,15,14,9,9,9,8	0,0,0,0,0,0,0,0	0,0,1,1,1,1,7,66	0,0,4,3,1,1,3,2	0,0,8,7,10,2,6,6	0,0,195,141,149,19,25,50	0,0,0,1,0,0,0,1	794.json
1849	23,20,22,22,22,16,16	18,15,19,19,19,13,13	18,15,19,19,19,13,13	0,0,0,0,0,0,0	0,21,24,24,24,45,113	0,2,9,1,1,2,1	0,7,16,2,2,10,2	0,79,318,13,19,255,13	0,1,0,0,0,0,0	1094.json
1849	33,65,65,66,62,62,62,73,72,72,72,70,70,70,70,70	26,52,52,56,52,52,52,60,59,59,59,58,58,58,58,58	27,52,52,56,52,52,52,60,59,59,59,58,58,58,58,58	0,0,0,0,0,0,0,0,0,0,0,0,0,0,0,0	0,32,48,49,59,84,132,329,329,329,330,330,330,512,721,721	0,37,2,20,11,1,0,12,1,3,2,3,1,1,1,1	0,50,4,39,26,2,0,13,3,6,4,8,2,2,2,2	0,1346,13,579,270,13,0,560,136,70,47,161,17,22,4,5	0,0,0,0,0,0,0,0,0,0,0,0,0,0,0,0	606.json
1849	7	6	7	0	0	0	0	0	0	319.json
1470	6	6	6	0	0	0	0	0	0	873.json
1373	16	13	13	0	0	0	0	0	0	801.json
1671	5	5	5	0	0	0	0	0	0	1122.json
1849	3,3	3,3	3,3	0,0	0,214	0,1	0,2	0,7	0,1	756.json
1849	6	3	6	0	0	0	0	0	0	325.json
1849	6	6	6	0	0	0	0	0	0	370.json
1849	4	4	4	0	0	0	0	0	0	981.json
1849	4	4	4	0	0	0	0	0	0	652.json
1849	3	3	3	0	0	0	0	0	0	271.json
1731	3	3	3	1	0	0	0	0	0	226.json
1849	3	3	3	0	0	0	0	0	0	1050.json
1849	10	8	8	0	0	0	0	0	0	384.json
1410	8	9	8	0	0	0	0	0	0	886.json
1839	3,3	3,3	3,3	0,0	0,3	0,0	0,0	0,0	0,0	579.json
1849	3	3	3	0	0	0	0	0	0	199.json
1918	3	3	3	1	0	0	0	0	0	1227.json
1849	3	3	3	0	0	0	0	0	0	108.json
1849	17,17,17,17,17	16,16,16,16,16	16,16,16,16,16	0,0,0,0,0	0,408,443,443,443	0,3,2,1,1	0,6,4,2,2	0,18,36,1,6	0,0,0,0,1	563.json
1849	5,5	5,5	5,5	0,0	0,332	0,1	0,2	0,5	0,0	98.json
1765	4,4,4,4	4,4,4,4	4,4,4,4	0,0,0,0	0,0,111,112	0,0,2,2	0,0,4,4	0,0,20,15	0,0,0,0	776.json
1849	3,3,3	3,3,3	3,3,3	0,0,0	0,443,710	0,1,1	0,2,2	0,8,19	0,0,0	696.json
1849	13,10,9	13,10,8	13,10,8	0,0,0	0,48,50	0,2,4	0,7,9	0,95,53	0,0,0	197.json
1823	3,3	3,3	3,3	1,1	0,382	0,1	0,2	0,6	0,0	566.json
1849	4	4	4	0	0	0	0	0	0	369.json
1849	16	11	11	0	0	0	0	0	0	1133.json
1849	13,14	13,12	13,13	0,0	0,52	0,4	0,7	0,106	0,0	694.json
1849	4,4	3,3	4,4	0,0	0,881	0,2	0,4	0,12	0,0	619.json
1849	6,6,6	6,6,6	6,6,6	0,0,0	0,443,443	0,1,1	0,2,2	0,84,1	0,0,0	1072.json
1560	3	3	3	0	0	0	0	0	0	479.json
1849	19,15	16,13	17,13	0,0	0,33	0,3	0,10	0,149	0,1	94.json
1490	17,12,12	12,6,6	17,11,11	0,0,0	0,1,177	0,2,1	0,9,2	0,128,12	0,0,0	956.json
1849	10,10	8,8	10,10	0,0	0,30	0,1	0,2	0,43	0,0	20.json
1911	1	2	1	0	0	0	0	0	0	1192.json
1849	10,10	9,9	9,9	0,0	0,14	0,0	0,0	0,2	0,0	576.json
1849	27,29,29,29	25,25,25,25	26,26,26,26	0,0,0,0	0,24,168,822	0,5,1,1	0,12,2,2	0,98,4,3	0,0,0,0	712.json
1723	6,12,12,12,12,12	6,11,11,11,11,11	6,11,11,11,11,11	0,0,0,0,0,0	0,309,309,318,318,456	0,7,1,1,3,1	0,8,2,2,6,2	0,132,11,27,9,6	0,0,0,0,0,0	459.json
1849	3	3	3	0	0	0	0	0	0	134.json
1920	6,6	6,6	6,6	0,0	0,1	0,0	0,0	0,0	0,0	1210.json
1812	8,8,8,6	6,6,6,5	6,6,6,5	0,0,0,0	0,34,35,326	0,1,0,2	0,2,0,6	0,2,0,44	0,0,0,0	833.json
1813	9,10,12,12,12	9,9,10,10,10	9,9,10,10,10	0,0,0,0,0	0,1,1,407,407	0,2,4,1,1	0,3,6,2,2	0,38,94,41,1	0,0,1,0,0	68.json
1741	3,3	3,3	3,3	1,1	0,92	0,0	0,0	0,0	0,0	1118.json
1405	3,3,3,3,7	3,3,3,3,7	3,3,3,3,7	0,0,0,0,0	0,0,0,0,0	0,1,0,2,5	0,2,0,4,6	0,7,0,10,101	0,0,0,0,0	1022.json
1138	7	10	7	0	0	0	0	0	0	896.json
1849	14,13,13,13,13,11,11,11,11	12,11,11,11,11,10,10,10,10	12,11,11,11,11,10,10,10,10	0,0,0,0,0,0,0,0,0	0,21,21,21,22,22,22,126,363	0,0,1,2,1,1,0,0,1	0,1,2,4,2,4,0,0,2	0,67,23,39,13,162,0,0,21	0,0,0,0,0,0,0,0,0	165.json
1562	6,6,8,7	6,6,7,6	6,6,8,7	0,0,0,0	0,121,156,156	0,1,3,1	0,2,4,3	0,18,111,96	0,0,0,0	555.json
1679	3	3	3	0	0	0	0	0	0	443.json
1653	3,3,3	3,3,3	3,3,3	1,1,1	0,2,4	0,1,1	0,2,2	0,10,11	0,0,0	433.json
1849	8,8	8,8	8,8	0,0	0,21	0,1	0,2	0,6	0,0	922.json
1849	3	3	3	0	0	0	0	0	0	1082.json
1797	3,4,4,7	3,5,5,6	3,4,4,6	0,0,0,0	0,3,6,162	0,2,1,4	0,3,2,5	0,78,13,10	0,1,0,1	688.json
1849	3	3	3	0	0	0	0	0	0	1063.json
1849	3	3	3	0	0	0	0	0	0	293.json
1849	8,3	8,3	8,3	0,0	0,48	0,1	0,7	0,254	0,0	299.json
1646	10,10	10,10	10,10	0,0	0,114	0,1	0,2	0,11	0,0	807.json
1723	12,12,12,14,7,8,8,8,8,9	11,11,11,12,7,8,8,8,8,9	11,11,11,12,7,8,8,8,8,9	0,0,0,0,0,0,0,0,0,0	0,0,127,313,318,318,432,697,1366,1368	0,1,1,9,5,2,1,1,1,2	0,2,4,16,17,3,2,2,2,3	0,2,143,20,217,86,14,14,5,39	0,0,0,0,0,1,0,0,0,0	451.json
1849	12,13,13,18	12,12,12,18	12,12,12,17	0,0,0,0	0,31,72,203	0,9,0,16	0,17,0,27	0,305,0,137	0,0,0,0	808.json
1849	7,7,7,7	7,7,7,7	7,7,7,7	0,0,0,0	0,21,107,126	0,1,0,3	0,2,0,6	0,26,0,68	0,0,0,0	772.json
1920	3	3	3	1	0	0	0	0	0	1217.json
1405	14,22	12,19	12,19	0,0	0,0	0,11	0,14	0,298	0,1	452.json
1806	10,10,10,8,8	6,6,6,6,6	8,8,8,7,7	0,0,0,0,0	0,1,1,171,297	0,4,1,3,1	0,8,2,8,2	0,88,19,84,6	0,0,0,1,0	730.json
1849	4	4	4	0	0	0	0	0	0	641.json
1849	11,11,11,11	10,10,10,10	11,11,11,11	0,0,0,0	0,24,168,822	0,1,1,1	0,2,2,2	0,15,4,3	0,0,0,0	711.json
1849	3,3	3,3	3,3	0,0	0,14	0,0	0,0	0,0	0,0	575.json
1849	12,13,16,6	14,15,16,4	12,13,15,5	0,0,0,0	0,34,207,207	0,1,5,1	0,1,7,12	0,13,176,373	0,0,0,0	405.json
1824	3,5,5,5,5	3,5,5,5,5	3,5,5,5,5	0,0,0,0,0	0,0,0,6,299	0,3,1,1,1	0,4,2,2,2	0,201,5,14,5	0,0,0,0,0	63.json
1723	3,3,6,6	3,3,6,6	3,3,6,6	0,0,0,0	0,50,170,172	0,1,4,1	0,2,5,2	0,7,62,20	0,1,0,0	457.json
1849	9,12,10,10,10,10	8,8,8,8,8,8	9,10,8,8,8,8	0,0,0,0,0,0	0,25,183,317,443,443	0,9,2,1,1,1	0,16,4,2,2,2	0,218,71,11,44,1	0,0,0,0,0,0	722.json
1849	13	10	10	0	0	0	0	0	0	1035.json
1800	3	3	3	1	0	0	0	0	0	237.json
1405	16,12,6	12,9,6	12,9,6	0,0,0	0,0,138	0,1,5	0,6,16	0,115,72	0,0,0	449.json
1486	12	9	9	0	0	0	0	0	0	1175.json
1849	7,7,7,7,7	7,7,7,7,7	7,7,7,7,7	0,0,0,0,0	0,21,21,22,363	0,1,1,1,1	0,2,2,2,2	0,30,35,13,69	0,0,0,0,0	152.json
1849	3	3	3	1	0	0	0	0	0	897.json
1794	3	3	3	0	0	0	0	0	0	709.json
1723	3,3,3	3,3,3	3,3,3	1,1,1	0,318,456	0,1,1	0,2,2	0,6,6	0,0,0	462.json
1849	14,14,16	11,11,11	11,11,13	0,0,0	0,48,207	0,1,3	0,2,4	0,3,52	0,0,0	79.json
1750	3	3	3	1	0	0	0	0	0	920.json
1849	8	8	8	0	0	0	0	0	0	548.json
1141	4	3	4	0	0	0	0	0	0	925.json
1849	3	3	3	0	0	0	0	0	0	676.json
1849	11,8	8,6	11,8	0,0	0,207	0,3	0,9	0,121	0,0	346.json
1828	3	3	3	0	0	0	0	0	0	690.json
1849	11,11,11,11,11,11	10,10,10,10,10,10	10,10,10,10,10,10	0,0,0,0,0,0	0,21,21,21,22,363	0,1,2,1,1,1	0,2,4,2,2,2	0,38,46,7,13,98	0,0,0,1,0,0	167.json
1849	15,12,12	13,10,10	13,10,10	0,0,0	0,23,165	0,5,2	0,13,4	0,270,60	0,0,0	397.json
1849	11,9	11,9	11,9	0,0	0,33	0,1	0,4	0,64	0,1	330.json
1405	8	9	8	0	0	0	0	0	0	570.json
1849	3	3	3	0	0	0	0	0	0	112.json
1918	3,3	3,3	3,3	0,0	0,83	0,1	0,2	0,6	0,0	1189.json
1849	3,3,3,3,3,3	3,3,3,3,3,3	3,3,3,3,3,3	0,0,0,0,0,0	0,26,73,73,77,77	0,2,0,0,1,2	0,4,0,0,2,4	0,41,0,0,6,26	0,1,0,0,0,0	849.json
1849	4	4	4	0	0	0	0	0	0	653.json
1849	15	15	15	0	0	0	0	0	0	314.json
1849	9	7	7	0	0	0	0	0	0	703.json
1849	3	3	3	0	0	0	0	0	0	8.json
1803	3,3	3,3	3,3	0,0	0,0	0,0	0,0	0,0	0,0	766.json
1849	3	3	3	1	0	0	0	0	0	214.json
1723	3,3,3,3	3,3,3,3	3,3,3,3	0,0,0,0	0,50,50,318	0,1,1,1	0,2,2,2	0,12,12,5	0,0,0,0	463.json
1849	10,10,10,10,9,9,9	7,7,7,7,7,7,7	9,9,9,9,8,8,8	0,0,0,0,0,0,0	0,48,49,59,167,167,1060	0,1,1,1,1,1,1	0,2,2,2,3,2,2	0,7,12,7,31,10,76	0,0,0,0,0,0,0	313.json
1849	3	3	3	1	0	0	0	0	0	438.json
1800	8	8	8	0	0	0	0	0	0	239.json
1849	5	5	5	0	0	0	0	0	0	659.json
1849	4	4	4	0	0	0	0	0	0	52.json
1849	14,13,13,13,13,11,11,11,11	12,11,11,11,11,10,10,10,10	12,11,11,11,11,10,10,10,10	0,0,0,0,0,0,0,0,0	0,21,21,21,22,22,22,126,363	0,0,1,1,1,1,0,0,1	0,1,2,2,2,4,0,0,2	0,67,23,35,13,85,0,0,21	0,0,0,0,0,0,0,0,0	157.json
1373	3,3	3,3	3,3	1,1	0,7	0,0	0,0	0,0	0,0	1030.json
1849	4	4	4	0	0	0	0	0	0	316.json
1413	3,3	3,3	3,3	0,0	0,1	0,0	0,0	0,0	0,0	846.json
1849	1	3	1	0	0	0	0	0	0	587.json
1920	20,20	20,20	20,20	0,0	0,1	0,1	0,2	0,10	0,0	1211.json
1849	3	3	3	0	0	0	0	0	0	136.json
1849	7	7	7	0	0	0	0	0	0	706.json
1812	3,3	3,3	3,3	0,0	0,0	0,1	0,2	0,19	0,1	69.json
1849	5,19,26,32,32,34,35	5,20,27,30,30,31,31	5,19,26,29,29,30,30	0,0,0,0,0,0,0	0,25,25,30,31,197,324	0,19,13,6,1,5,2	0,24,19,6,2,8,3	0,713,268,197,14,79,6	0,0,0,0,0,0,0	64.json
1849	10	9	10	0	0	0	0	0	0	699.json
1849	9,9,9	8,8,8	8,8,8	0,0,0	0,48,437	0,1,2	0,2,4	0,9,26	0,0,0	741.json
1405	19,27	18,25	17,24	0,0	0,0	0,11	0,14	0,298	0,1	453.json
1828	3,10,11,10,8,3,3,3,3	3,8,9,9,8,3,3,3,3	3,8,9,9,8,3,3,3,3	0,0,0,0,0,0,0,0,0	0,23,23,23,24,30,95,97,130	0,8,2,0,3,1,1,0,1	0,9,3,1,8,7,2,0,2	0,153,103,14,109,140,13,0,30	0,0,0,0,0,0,0,0,0	1090.json
1828	5,6,7,7,6,8,8	5,6,7,7,6,8,8	5,6,7,7,6,8,8	0,0,0,0,0,0,0	0,21,63,63,63,164,179	0,1,2,1,0,3,1	0,1,3,2,1,4,2	0,76,107,24,32,123,26	0,0,0,0,0,0,0	1047.json
1849	8	7	7	0	0	0	0	0	0	53.json
1849	5,4	4,4	4,4	0,0	0,166	0,1	0,3	0,43	0,0	124.json
1906	6	6	6	0	0	0	0	0	0	1147.json
1849	11,10,8,8	9,7,7,7	9,8,7,7	0,0,0,0	0,26,26,132	0,2,3,0	0,5,8,0	0,56,150,0	0,1,0,0	529.json
1520	3	3	3	0	0	0	0	0	0	621.json
1849	3	3	3	0	0	0	0	0	0	898.json
1849	3	3	3	0	0	0	0	0	0	704.json
1849	3	3	3	1	0	0	0	0	0	1062.json
1849	11,11,11,11,11	10,10,10,10,10	10,10,10,10,10	0,0,0,0,0	0,21,21,22,363	0,1,2,1,1	0,2,4,2,2	0,38,39,13,90	0,0,0,0,0	156.json
1828	7	4	4	0	0	0	0	0	0	1179.json
1849	3	3	3	0	0	0	0	0	0	1049.json
1849	4	4	4	0	0	0	0	0	0	306.json
1849	10	3	10	0	0	0	0	0	0	562.json
1373	3,3	3,3	3,3	1,1	0,7	0,0	0,0	0,0	0,0	1033.json
1849	3	3	3	0	0	0	0	0	0	130.json
1849	6,6,5	6,6,5	6,6,5	0,0,0	0,21,26	0,1,1	0,2,3	0,19,46	0,0,0	491.json
1849	3,3	3,3	3,3	0,0	0,48	0,1	0,2	0,7	0,0	761.json
1741	3,3	3,3	3,3	1,1	0,92	0,0	0,0	0,0	0,0	1117.json
1849	3	3	3	1	0	0	0	0	0	1011.json
1909	3	3	3	0	0	0	0	0	0	1144.json
1906	4,4	4,4	4,4	0,0	0,0	0,0	0,0	0,0	0,0	1150.json
1849	12,10,11	11,9,10	11,9,10	0,0,0	0,40,822	0,1,1	0,4,1	0,57,81	0,0,0	22.json
1849	9,3,13,8,9,9,10,11,17,10	9,3,13,9,9,9,9,10,16,9	9,3,13,8,9,9,9,10,15,8	0,0,0,0,0,0,0,0,0,0	0,23,23,30,214,362,437,438,438,438	0,1,11,6,2,2,7,1,14,3	0,8,12,17,4,4,13,1,22,13	0,251,343,255,78,29,187,86,165,308	0,0,0,0,0,0,1,0,0,1	1041.json
1477	4,4	4,4	4,4	0,0	0,1	0,2	0,4	0,28	0,0	783.json
1411	4	4	4	0	0	0	0	0	0	1038.json
1538	3	3	3	0	0	0	0	0	0	768.json
1849	3	3	3	0	0	0	0	0	0	394.json
1832	3,3,3,3,3	3,3,3,3,3	3,3,3,3,3	0,0,0,0,0	0,0,0,197,321	0,2,3,3,0	0,4,6,6,0	0,34,3,9,0	0,0,0,1,0	889.json
1849	3	3	3	0	0	0	0	0	0	648.json
1920	9,5,5,12,11	5,5,5,8,7	7,5,5,12,11	0,0,0,0,0	0,1,98,98,954	0,3,1,10,2	0,10,2,13,5	0,128,6,208,25	0,0,0,0,0	1167.json
1815	7	7	7	0	0	0	0	0	0	427.json
1849	3	3	3	0	0	0	0	0	0	1080.json
1918	3,3,3	3,3,3	3,3,3	0,0,0	0,96,96	0,1,1	0,2,2	0,6,48	0,0,0	1166.json
1494	4,4,4	4,4,4	4,4,4	0,0,0	0,1,2	0,1,1	0,2,2	0,4,1	0,1,1	954.json
1849	11,11,9	10,10,8	10,10,8	0,0,0	0,30,40	0,1,1	0,2,4	0,43,48	0,0,0	19.json
1653	3,3,3	3,3,3	3,3,3	1,1,1	0,2,4	0,1,1	0,2,2	0,10,11	0,0,0	432.json
1849	4	4	4	0	0	0	0	0	0	120.json
1849	12,12,13,19,19,6	9,9,10,16,16,4	9,9,10,16,16,4	0,0,0,0,0,0	0,22,34,408,443,443	0,4,1,6,1,1	0,8,1,6,2,15	0,16,13,107,20,227	0,0,0,0,0,1	567.json
1849	6,5,5	6,4,4	6,4,4	0,0,0	0,23,438	0,2,1	0,5,2	0,57,11	0,0,1	1045.json
1617	3	3	3	0	0	0	0	0	0	1151.json
1849	13,13,9,11	13,13,8,10	13,13,8,10	0,0,0,0	0,48,50,406	0,1,3,5	0,2,10,8	0,18,38,10	0,0,0,0	219.json
1849	3,3	3,3	3,3	1,1	0,72	0,0	0,0	0,16	0,0	811.json
1849	4,4,8,7,13	4,4,9,8,10	4,4,8,7,11	0,0,0,0,0	0,42,52,55,214	0,1,7,1,8	0,2,10,3,10	0,27,275,59,20	0,0,0,0,1	708.json
1920	3,3,3	3,3,3	3,3,3	0,0,0	0,98,98	0,1,1	0,2,2	0,6,18	0,0,0	1171.json
1849	3,3	3,3	3,3	1,1	0,22	0,0	0,0	0,16	0,0	866.json
1849	3	3	3	0	0	0	0	0	0	739.json
1920	3,3	3,3	3,3	1,1	0,1	0,0	0,0	0,0	0,0	1203.json
1888	3	3	3	0	0	0	0	0	0	1194.json
1849	15,15,15,15,15	12,12,12,12,12	12,12,12,12,12	0,0,0,0,0	0,21,21,22,363	0,1,1,1,1	0,2,2,2,2	0,39,35,13,26	0,0,0,0,0	168.json
1849	26,22,23	22,19,20	22,18,19	0,0,0	0,33,34	0,3,1	0,10,1	0,149,13	0,1,0	97.json
1849	12,12	12,12	12,12	0,0	0,24	0,2	0,4	0,26	0,0	328.json
1849	3	3	3	0	0	0	0	0	0	536.json
1553	7,8	7,8	7,8	0,0	0,1	0,2	0,3	0,84	0,0	1124.json
1806	14,14,13,13,12	8,8,8,8,8	11,11,10,10,10	0,0,0,0,0	0,1,2,2,297	0,4,2,3,1	0,8,5,6,2	0,163,129,45,7	0,1,0,0,0	751.json
1849	3,4,3,3	3,4,3,3	3,4,3,3	0,0,0,0	0,357,358,358	0,2,1,1	0,3,3,2	0,89,64,15	0,0,0,0	620.json
1849	3,3,3,3,3	3,3,3,3,3	3,3,3,3,3	1,1,1,1,1	0,196,196,200,211	0,0,0,0,0	0,0,0,0,0	0,0,0,0,0	0,0,0,0,0	1109.json
1266	3,3	3,3	3,3	0,0	0,0	0,1	0,2	0,7	0,1	448.json
1635	8,8	9,9	8,8	0,0	0,22	0,1	0,2	0,8	0,1	755.json
1849	6	6	6	0	0	0	0	0	0	126.json
1827	3,3,3	3,3,3	3,3,3	0,0,0	0,0,104	0,0,0	0,0,0	0,0,0	0,0,0	155.json
1849	8,11	8,8	8,10	0,0	0,207	0,4	0,5	0,41	0,0	347.json
1433	3	3	3	0	0	0	0	0	0	603.json
1800	3	3	3	1	0	0	0	0	0	235.json
1831	10,9,9,9,9,8,7,7,9,13,13,14	8,7,7,7,7,8,7,7,4,10,10,11	9,8,8,8,8,8,7,7,8,10,10,11	0,0,0,0,0,0,0,0,0,0,0,0	0,2,30,31,41,75,99,99,112,113,196,198	0,1,2,2,2,2,2,1,8,9,1,2	0,3,4,4,4,5,5,2,14,14,2,3	0,33,13,26,13,82,89,15,193,148,77,78	0,0,0,0,0,0,0,0,0,0,0,0	870.json
1741	22,22,16,23,19,18,18,24,27,25,28	15,15,12,17,15,14,14,20,22,20,23	14,14,12,17,15,14,14,20,21,20,22	0,0,0,0,0,0,0,0,0,0,0	0,9,9,9,10,19,92,192,202,202,203	0,1,12,8,2,4,1,7,3,1,18	0,2,30,9,8,9,2,8,3,4,33	0,10,138,363,242,134,13,292,84,88,142	0,0,1,0,0,0,0,0,0,0,1	767.json
1412	11,4,4	10,4,4	10,4,4	0,0,0	0,0,474	0,1,1	0,9,2	0,142,21	0,0,0	817.json
1849	7,3	7,3	7,3	0,0	0,48	0,1	0,6	0,177	0,0	218.json
1920	13,15,15,16,15,15,17	13,13,13,8,8,8,10	10,10,10,10,10,10,12	0,0,0,0,0,0,0	0,1,85,88,89,108,400	0,5,1,5,2,2,8	0,8,2,9,5,4,14	0,57,6,135,8,18,109	0,0,0,0,0,0,0	1180.json
1635	9,13	9,10	9,13	0,0	0,2	0,5	0,6	0,290	0,0	880.json
1732	3	3	3	1	0	0	0	0	0	227.json
1849	7	7	7	0	0	0	0	0	0	545.json
1849	3	3	3	0	0	0	0	0	0	678.json
1405	3,3,3,7	3,3,3,7	3,3,3,7	0,0,0,0	0,0,0,0	0,1,0,5	0,2,0,6	0,7,0,101	0,0,0,0	1020.json
1849	3	3	3	0	0	0	0	0	0	376.json
1849	11,11,11	11,11,11	11,11,11	0,0,0	0,30,116	0,1,1	0,2,2	0,103,6	0,0,0	16.json
1782	3,3	3,3	3,3	1,1	0,133	0,0	0,0	0,0	0,0	1110.json
1539	3	3	3	0	0	0	0	0	0	560.json
1405	3,3,3,7	3,3,3,7	3,3,3,7	0,0,0,0	0,0,0,0	0,1,0,5	0,2,0,6	0,7,0,101	0,0,0,0	1016.json
1849	3,3	3,3	3,3	0,0	0,884	0,1	0,2	0,7	0,0	984.json
1849	3	3	3	0	0	0	0	0	0	377.json
1849	4	4	4	0	0	0	0	0	0	543.json
1849	5,4,6,5,5	3,4,6,5,5	5,4,6,5,5	0,0,0,0,0	0,57,57,58,59	0,2,4,2,1	0,4,6,5,2	0,122,30,103,19	0,0,0,0,0	714.json
1849	5,4,4	4,4,4	4,4,4	0,0,0	0,443,443	0,1,1	0,3,2	0,42,1	0,0,0	4.json
1849	7	6	6	0	0	0	0	0	0	1081.json
1849	13,14,14,11,11,11,11,11	11,11,11,9,9,9,9,9	11,11,11,9,9,9,9,9	0,0,0,0,0,0,0,0	0,17,17,33,338,356,356,357	0,3,2,2,2,1,1,1	0,5,4,7,4,2,2,2	0,112,60,134,10,13,13,13	0,1,0,1,0,1,0,0	936.json
1684	3,3,3	3,3,3	3,3,3	0,0,0	0,49,173	0,3,0	0,6,0	0,11,0	0,1,0	883.json
1906	3,3	3,3	3,3	0,0	0,0	0,0	0,0	0,0	0,0	1145.json
1849	4	4	4	0	0	0	0	0	0	550.json
1849	3,3	3,3	3,3	0,0	0,1115	0,1	0,2	0,47	0,0	411.json
1494	3,3	3,3	3,3	0,0	0,2	0,1	0,2	0,1	0,1	955.json
1849	3,3	3,3	3,3	0,0	0,48	0,1	0,2	0,26	0,0	198.json
1779	3	3	3	1	0	0	0	0	0	1115.json
1560	3	3	3	0	0	0	0	0	0	474.json
1849	11,10,10,14	11,9,9,13	11,9,9,13	0,0,0,0	0,26,107,116	0,2,0,10	0,5,0,16	0,68,2,173	0,1,0,1	770.json
1920	3,3,3	3,3,3	3,3,3	0,0,0	0,98,98	0,1,1	0,2,2	0,6,17	0,0,0	1173.json
1373	3,3,3	3,3,3	3,3,3	0,0,0	0,0,7	0,2,0	0,4,0	0,38,0	0,0,0	1032.json
1849	3	3	3	1	0	0	0	0	0	200.json
969	4	4	4	0	0	0	0	0	0	854.json
1732	3,3,3	3,3,3	3,3,3	0,0,0	0,2,35	0,0,1	0,0,2	0,0,10	0,0,0	1091.json
1849	7,10,9	7,7,7	7,8,7	0,0,0	0,336,337	0,4,1	0,5,3	0,83,35	0,1,1	10.json
1763	11,11,22,22,12	10,10,21,21,11	10,10,21,21,11	0,0,0,0,0	0,47,601,602,602	0,0,14,1,1	0,0,17,2,12	0,0,344,38,257	0,0,1,0,0	595.json
1849	14,14,16,16	10,10,12,12	10,10,12,12	0,0,0,0	0,126,127,324	0,5,4,12	0,10,6,24	0,50,14,17	0,0,1,0	143.json
1827	5,5,5,5	5,5,5,5	5,5,5,5	0,0,0,0	0,0,104,859	0,0,0,1	0,0,0,2	0,0,0,2	0,0,0,0	163.json
1849	4	4	4	0	0	0	0	0	0	542.json
1849	3	3	3	0	0	0	0	0	0	352.json
1849	16,17,17	12,15,15	12,14,14	0,0,0	0,30,362	0,7,2	0,13,4	0,106,29	0,0,0	72.json
1827	3,3,3	3,3,3	3,3,3	0,0,0	0,0,104	0,1,0	0,2,0	0,5,0	0,0,0	175.json
1849	3,3	3,3	3,3	0,0	0,317	0,1	0,2	0,27	0,0	700.json
1763	3,3,3	3,3,3	3,3,3	0,0,0	0,47,332	0,0,1	0,0,2	0,0,10	0,0,0	602.json
1920	3,3	3,3	3,3	1,1	0,1	0,1	0,2	0,5	0,0	1208.json
1849	5	3	5	1	0	0	0	0	0	1137.json
1849	13	12	12	0	0	0	0	0	0	18.json
1560	3	2	2	0	0	0	0	0	0	475.json
1520	3	3	3	0	0	0	0	0	0	592.json
1805	15,15,15,17,17,16,16	12,12,12,10,10,10,10	13,13,13,13,13,12,12	0,0,0,0,0,0,0	0,0,0,1,1,4,296	0,5,1,9,3,4,1	0,10,2,16,6,9,2	0,220,22,301,26,32,8	0,0,0,0,1,0,0	716.json
1849	3	3	3	0	0	0	0	0	0	339.json
1920	3	3	3	1	0	0	0	0	0	1213.json
1920	6,6,6,7,6,6	3,4,4,4,3,3	4,4,4,7,6,6	0,0,0,0,0,0	0,1,98,98,954,1027	0,4,1,5,2,1	0,8,2,9,5,2	0,62,6,191,27,9	0,0,0,0,0,0	1164.json
1800	3,3	3,3	3,3	0,0	0,0	0,1	0,2	0,7	0,0	243.json
1849	17,17,17,17,20,20	13,13,13,13,14,14	13,13,13,13,14,14	0,0,0,0,0,0	0,19,19,574,574,575	0,1,1,1,4,1	0,2,2,2,5,2	0,7,6,5,47,7	0,0,0,0,0,0	516.json
1849	3,3,3	3,3,3	3,3,3	0,0,0	0,26,42	0,1,1	0,2,2	0,52,34	0,0,0	671.json
1911	4,4	3,3	4,4	0,0	0,76	0,1	0,2	0,6	0,0	1191.json
1805	5,5,4	3,3,3	4,4,4	0,0,0	0,1,296	0,1,1	0,2,2	0,15,7	0,0,0	752.json
1849	7,10	7,7	7,9	0,0	0,207	0,4	0,5	0,41	0,0	349.json
1651	8,8,9,3	8,8,9,3	8,8,9,3	0,0,0,0	0,0,3,200	0,2,2,1	0,4,3,8	0,21,22,307	0,0,0,0	934.json
1849	31,31,32,32,30,30,32,33,33,34,34	31,31,32,32,30,30,31,32,32,32,32	30,30,31,31,29,29,30,31,31,31,31	0,0,0,0,0,0,0,0,0,0,0	0,30,34,167,180,317,380,384,394,426,468	0,1,1,1,1,1,8,1,1,2,1	0,2,1,2,4,2,14,1,2,3,2	0,21,13,28,78,11,67,66,17,23,17	0,0,0,0,0,0,0,0,1,0,0	95.json
1849	31	23	23	0	0	0	0	0	0	323.json
1819	11,13,13,13	11,13,13,13	11,13,13,13	0,0,0,0	0,19,287,332	0,3,1,2	0,4,2,4	0,53,11,12	0,0,0,0	858.json
1514	3,3	3,3	3,3	0,0	0,1	0,1	0,2	0,10	0,0	141.json
1906	5	5	5	0	0	0	0	0	0	1146.json
1849	7,7	7,7	7,7	0,0	0,881	0,1	0,2	0,2	0,0	705.json
1828	3,3	3,3	3,3	1,1	0,0	0,1	0,2	0,10	0,0	178.json
1849	7,7,7,3	7,7,7,3	7,7,7,3	0,0,0,0	0,20,43,288	0,1,1,1	0,2,2,6	0,24,17,111	0,0,0,0	539.json
1653	3	3	3	1	0	0	0	0	0	1101.json
1653	3	3	3	0	0	0	0	0	0	1006.json
1849	3	3	3	0	0	0	0	0	0	746.json
1920	3,3	3,3	3,3	1,1	0,1	0,0	0,0	0,0	0,0	1201.json
1849	17,17,17,17	13,13,13,13	13,13,13,13	0,0,0,0	0,20,26,395	0,1,2,1	0,2,4,2	0,20,28,8	0,0,0,0	637.json
1849	3,3	3,3	3,3	0,0	0,1115	0,1	0,2	0,47	0,0	416.json
1849	12,12	12,12	12,12	0,0	0,98	0,1	0,2	0,29	0,0	340.json
1732	3	3	3	0	0	0	0	0	0	231.json
1835	3	2	2	0	0	0	0	0	0	1199.json
1849	11,6	11,6	11,6	0,0	0,34	0,1	0,7	0,116	0,0	246.json
1849	4	4	4	0	0	0	0	0	0	552.json
1849	3	3	3	0	0	0	0	0	0	301.json
1849	4	4	4	0	0	0	0	0	0	308.json
1849	11,11,12,12	9,9,10,10	9,9,10,10	0,0,0,0	0,20,395,397	0,1,2,2	0,2,3,4	0,85,89,12	0,0,0,0	1076.json
1849	10,9	9,9	10,9	0,0	0,132	0,0	0,0	0,4	0,0	527.json
1849	3,3	3,3	3,3	1,1	0,19	0,0	0,0	0,0	0,0	507.json
1849	6,6,6,6,5,5	6,6,6,6,5,5	6,6,6,6,5,5	0,0,0,0,0,0	0,26,48,49,49,132	0,0,3,2,3,0	0,0,6,4,7,0	0,0,19,22,94,0	0,1,0,0,0,0	534.json
1849	4,3	4,3	4,3	0,0	0,25	0,0	0,1	0,40	0,0	61.json
1849	18,18,19,19,19,19	16,16,16,16,16,16	16,16,16,16,16,16	0,0,0,0,0,0	0,395,395,395,624,716	0,2,3,1,1,2	0,4,5,2,2,4	0,172,11,44,3,56	0,0,0,0,0,1	1074.json
1405	8	9	8	0	0	0	0	0	0	574.json
1849	5	4	5	0	0	0	0	0	0	985.json
1763	3,3	3,3	3,3	1,1	0,47	0,0	0,0	0,0	0,0	598.json
1800	3	3	3	1	0	0	0	0	0	236.json
1849	3	3	3	0	0	0	0	0	0	399.json
1511	3	3	3	1	0	0	0	0	0	948.json
1849	11,14,11,15,11,12,12,12,12,12,12	11,12,11,12,12,12,12,12,12,12,12	11,12,11,12,11,12,12,12,12,12,12	0,0,0,0,0,0,0,0,0,0,0	0,14,15,18,30,45,52,58,58,362,475	0,6,1,3,10,2,1,2,1,2,1	0,9,2,6,24,3,2,4,2,4,2	0,108,115,123,206,32,41,56,10,29,31	0,0,0,0,0,0,0,0,0,0,0	1015.json
1849	5,5,6,5,6,5,5	5,5,6,5,6,5,5	5,5,6,5,6,5,5	0,0,0,0,0,0,0	0,19,19,20,79,79,80	0,0,1,1,2,1,1	0,0,1,3,3,3,2	0,0,33,43,83,79,22	0,0,0,0,0,0,0	512.json
1697	3	3	3	0	0	0	0	0	0	137.json
1520	4	4	4	0	0	0	0	0	0	1221.json
1849	3,3,3	3,3,3	3,3,3	0,0,0	0,337,368	0,1,1	0,2,2	0,37,11	0,1,1	1054.json
1849	3,3	3,3	3,3	0,0	0,214	0,3	0,6	0,50	0,0	759.json
1828	3	3	3	1	0	0	0	0	0	177.json
1917	12,12,11,11	10,10,10,10	10,10,10,10	0,0,0,0	0,1,86,89	0,0,8,1	0,0,16,2	0,0,143,36	0,0,0,1	1223.json
1849	3	3	3	0	0	0	0	0	0	310.json
969	6,6	4,4	6,6	0,0	0,31	0,1	0,2	0,3	0,0	853.json
1849	3	3	3	0	0	0	0	0	0	698.json
1849	11,11,11,15,16,16,16,16,16,16,16,18	11,11,11,15,15,14,14,14,14,14,14,16	11,11,11,15,15,14,14,14,14,14,14,16	0,0,0,0,0,0,0,0,0,0,0,0	0,21,21,303,303,303,303,303,303,303,307,822	0,1,1,6,2,2,3,1,1,1,2,2	0,2,2,8,3,4,6,2,2,2,4,2	0,33,20,136,91,14,117,14,38,20,124,124	0,0,0,0,0,0,0,0,0,0,1,0	418.json
1849	9,7,15,15,15,7,14,17,17,17	8,6,12,12,12,6,12,12,12,12	8,6,12,12,12,6,12,12,12,12	0,0,0,0,0,0,0,0,0,0	0,33,562,562,562,562,562,562,594,596	0,1,11,12,10,3,9,4,2,1	0,4,14,24,20,14,11,5,4,2	0,53,214,50,50,214,195,195,6,35	0,1,1,1,1,1,1,0,0,0	25.json
1849	17,17,13,9,9,9,11,11	14,14,12,9,9,9,11,11	14,14,12,9,9,9,11,11	0,0,0,0,0,0,0,0	0,48,49,49,107,126,294,317	0,2,5,5,0,4,3,1	0,4,14,14,0,8,4,2	0,156,190,186,0,149,48,8	0,0,0,0,0,0,0,0	769.json
1849	3	3	3	0	0	0	0	0	0	294.json
1920	7,4,6,6,3	5,4,5,5,3	5,4,5,5,3	0,0,0,0,0	0,1,89,98,98	0,2,3,1,1	0,7,4,2,5	0,101,77,6,129	0,0,0,0,0	1168.json
1849	23,23,15,15,15,13	19,19,12,12,12,11	19,19,12,12,12,11	0,0,0,0,0,0	0,19,20,26,443,826	0,1,11,2,1,0	0,2,30,4,2,2	0,19,313,44,20,27	0,0,1,0,0,0	644.json
1849	4	4	4	0	0	0	0	0	0	492.json
1413	3,3	3,3	3,3	1,1	0,1	0,0	0,0	0,0	0,0	840.json
1849	3,3	3,3	3,3	1,1	0,19	0,0	0,0	0,0	0,0	502.json
1849	8,6,6,7	6,5,5,6	6,5,5,6	0,0,0,0	0,37,70,1191	0,0,0,1	0,2,0,1	0,21,0,18	0,0,0,0	796.json
1849	3,3	3,3	3,3	1,1	0,19	0,0	0,0	0,0	0,0	500.json
1849	7,7	7,6	7,6	0,0	0,131	0,4	0,8	0,84	0,0	113.json
1849	7,7	7,7	7,7	0,0	0,324	0,7	0,14	0,14	0,0	146.json
1849	5	5	5	0	0	0	0	0	0	658.json
1849	10,8	8,8	10,8	0,0	0,52	0,3	0,6	0,215	0,0	762.json
1477	3	3	3	0	0	0	0	0	0	781.json
1731	3,3	3,3	3,3	0,0	0,1	0,1	0,2	0,6	0,0	1009.json
1849	4	4	4	0	0	0	0	0	0	291.json
1849	7,7,7,8	7,7,7,8	7,7,7,8	0,0,0,0	0,20,43,288	0,1,1,3	0,2,2,5	0,24,17,111	0,0,0,0	540.json
1849	3	3	3	0	0	0	0	0	0	372.json
1849	3	3	3	0	0	0	0	0	0	1121.json
1723	3,3,3,3	3,3,3,3	3,3,3,3	0,0,0,0	0,50,50,318	0,1,1,1	0,2,2,2	0,13,13,5	0,0,0,0	464.json
1849	3	3	3	0	0	0	0	0	0	1051.json
1849	10	10	10	0	0	0	0	0	0	546.json
1849	3,3	3,3	3,3	1,1	0,205	0,0	0,0	0,0	0,0	1129.json
1920	7,7,4,4,4	6,6,4,4,4	6,6,4,4,4	0,0,0,0,0	0,1,1,85,1830	0,4,2,1,1	0,8,7,2,2	0,30,68,6,4	0,0,0,0,0	1187.json
1849	11,11,12,12,12,12,12,7,7	10,10,11,11,11,11,11,6,6	10,10,11,11,11,11,11,6,6	0,0,0,0,0,0,0,0,0	0,31,35,71,72,78,384,435,436	0,1,2,0,0,1,1,4,1	0,2,3,0,0,2,2,13,2	0,100,69,0,0,24,1,267,6	0,0,0,0,0,0,0,0,0	832.json
1849	5,4,6,7,7,8	3,4,6,7,7,8	5,4,6,7,7,8	0,0,0,0,0,0	0,57,57,58,59,59	0,2,4,4,1,2	0,4,6,7,2,3	0,122,30,105,6,85	0,0,0,0,0,0	715.json
1849	3	3	3	0	0	0	0	0	0	1048.json
1849	3,4,4,4	3,4,4,4	3,4,4,4	0,0,0,0	0,405,406,406	0,1,1,1	0,1,2,2	0,51,7,19	0,0,0,0	211.json
1849	3	3	3	0	0	0	0	0	0	116.json
1839	4,4	4,4	4,4	0,0	0,3	0,0	0,0	0,0	0,0	580.json
1849	4,4,4,4,4,4	4,4,4,4,4,4	4,4,4,4,4,4	0,0,0,0,0,0	0,71,72,78,166,167	0,0,0,1,1,1	0,0,0,2,2,2	0,24,0,21,3,64	0,0,0,0,0,0	830.json
1849	6	6	6	0	0	0	0	0	0	402.json
1763	15,15,15	12,12,12	12,12,12	0,0,0	0,47,332	0,0,2	0,0,4	0,0,20	0,0,0	593.json
1849	3,3	3,3	3,3	1,1	0,21	0,1	0,2	0,22	0,0	918.json
969	15,14	15,14	14,13	0,0	0,5	0,1	0,3	0,58	0,0	857.json
1849	8,8,6	6,6,5	6,6,5	0,0,0	0,21,23	0,1,1	0,2,4	0,23,41	0,0,0	392.json
1849	8	8	8	0	0	0	0	0	0	421.json
1429	2	2	2	0	0	0	0	0	0	1184.json
1849	5,5	4,4	4,4	0,0	0,21	0,1	0,2	0,6	0,0	919.json
1904	3	3	3	0	0	0	0	0	0	1139.json
1373	3,3,3	3,3,3	3,3,3	0,0,0	0,0,7	0,2,0	0,4,0	0,38,0	0,0,0	1029.json
1849	3,4	3,3	3,4	0,0	0,44	0,2	0,3	0,6	0,0	718.json
1763	3,3	3,3	3,3	1,1	0,47	0,0	0,0	0,0	0,0	599.json
1849	3,6,6	3,6,6	3,6,6	0,0,0	0,33,884	0,4,1	0,5,2	0,67,7	0,1,0	983.json
1849	7,7,7,7,21,23,25	6,6,6,6,17,19,20	7,6,6,6,17,19,21	0,0,0,0,0,0,0	0,23,23,23,437,438,941	0,5,1,1,14,9,3	0,10,2,2,14,16,4	0,181,16,14,541,226,123	0,0,0,0,1,0,0	1037.json
1849	4	4	4	0	0	0	0	0	0	322.json
1560	3	3	3	1	0	0	0	0	0	476.json
1920	3,3,3,3	3,3,3,3	3,3,3,3	0,0,0,0	0,1,1,85	0,2,1,1	0,4,2,2	0,20,10,6	0,0,0,0	1186.json
1849	3,3	3,3	3,3	0,0	0,884	0,1	0,2	0,23	0,0	1036.json
1849	13,15,11	13,13,8	13,15,10	0,0,0	0,48,50	0,3,3	0,4,10	0,37,38	0,0,0	300.json
1849	11,11,11,11,11,11	10,10,10,10,10,10	10,10,10,10,10,10	0,0,0,0,0,0	0,21,21,21,22,363	0,1,2,1,1,1	0,2,4,2,2,2	0,38,46,7,13,102	0,0,0,1,0,0	164.json
1849	16,16,15	13,13,12	13,13,12	0,0,0	0,48,107	0,1,0	0,2,1	0,3,16	0,0,0	737.json
1642	12,12	14,14	12,12	0,0	0,628	0,1	0,2	0,4	0,0	407.json
1723	6	6	6	0	0	0	0	0	0	460.json
1405	3,3,3,3,7	3,3,3,3,7	3,3,3,3,7	0,0,0,0,0	0,0,0,0,0	0,1,0,2,5	0,2,0,4,6	0,7,0,48,101	0,0,0,0,0	1021.json
1823	3,3,3,3	3,3,3,3	3,3,3,3	0,0,0,0	0,0,106,106	0,0,0,0	0,0,0,0	0,0,0,0	0,1,0,0	589.json
1373	4	4	4	0	0	0	0	0	0	991.json
1849	3	3	3	0	0	0	0	0	0	657.json
1849	3	3	3	0	0	0	0	0	0	56.json
1697	7	7	7	0	0	0	0	0	0	1092.json
1828	4	4	4	0	0	0	0	0	0	181.json
1849	3,3	3,3	3,3	1,1	0,19	0,0	0,0	0,0	0,0	509.json
1410	3	3	3	0	0	0	0	0	0	76.json
1849	3	3	3	0	0	0	0	0	0	123.json
1651	14,6,3	13,6,3	13,6,3	0,0,0	0,0,200	0,1,1	0,10,5	0,419,64	0,0,0	930.json
1849	4	4	4	0	0	0	0	0	0	317.json
1819	3,3	3,3	3,3	0,1	0,332	0,1	0,2	0,21	0,0	71.json
1849	3	3	3	1	0	0	0	0	0	273.json
1849	9,10,9,9	9,10,9,9	9,10,9,9	0,0,0,0	0,21,182,196	0,1,3,1	0,1,7,2	0,28,42,34	0,0,1,0	439.json
1920	3	3	3	1	0	0	0	0	0	1215.json
1829	10,9	10,9	10,9	0,0	0,806	0,0	0,1	0,322	0,0	615.json
1635	3,3	3,3	3,3	0,0	0,158	0,1	0,2	0,6	0,0	871.json
1684	3,3,3	3,3,3	3,3,3	0,0,0	0,49,173	0,3,0	0,6,0	0,11,0	0,1,0	885.json
1849	29,30,31,31	22,23,23,23	25,26,26,26	0,0,0,0	0,34,443,443	0,1,2,1	0,1,3,2	0,13,50,1	0,0,0,0	3.json
1849	3	3	3	0	0	0	0	0	0	343.json
1849	9	9	9	0	0	0	0	0	0	82.json
1849	3	3	3	1	0	0	0	0	0	1005.json
1849	3	3	3	0	0	0	0	0	0	272.json
1849	9,3,13,8,9,9,10,11,17,11,22	9,3,13,9,9,9,9,10,16,10,21	9,3,13,8,9,9,9,10,15,10,21	0,0,0,0,0,0,0,0,0,0,0	0,23,23,30,214,362,437,438,438,438,941	0,1,11,6,2,2,7,1,14,8,12	0,8,12,17,4,4,13,1,22,22,13	0,251,343,255,78,29,187,86,165,165,286	0,0,0,0,0,0,1,0,0,1,0	1042.json
1849	3	3	3	0	0	0	0	0	0	1052.json
1138	3	3	3	0	0	0	0	0	0	895.json
1673	6,6,3	6,6,3	6,6,3	0,0,0	0,0,0	0,1,1	0,2,5	0,29,79	0,0,0	468.json
1413	4,4,4	4,4,4	4,4,4	0,0,0	0,0,475	0,1,1	0,2,2	0,8,21	0,0,0	815.json
1812	7,7,7,7,7	6,6,6,6,6	6,6,6,6,6	0,0,0,0,0	0,0,33,335,847	0,1,0,1,1	0,2,0,2,2	0,12,0,1,7	0,0,0,0,0	800.json
1849	3	3	3	0	0	0	0	0	0	105.json
1849	4	4	4	0	0	0	0	0	0	549.json
1828	1,1	2,2	1,1	0,0	0,16	0,0	0,0	0,0	0,0	877.json
1849	11,10,10	10,10,10	11,10,10	0,0,0	0,166,196	0,1,4	0,3,8	0,47,75	0,0,0	224.json
1778	3	3	3	1	0	0	0	0	0	1116.json
1849	5,5,6,5,6,5,5	5,5,6,5,6,5,5	5,5,6,5,6,5,5	0,0,0,0,0,0,0	0,19,19,20,79,79,80	0,0,1,1,2,1,1	0,0,1,3,3,3,2	0,0,33,38,79,79,22	0,0,0,0,0,0,0	510.json
1920	3,3,3,3	3,3,3,3	3,3,3,3	0,0,0,0	0,1,98,98	0,2,1,1	0,4,2,2	0,18,6,18	0,0,0,0	1163.json
1849	3	3	3	0	0	0	0	0	0	894.json
1849	10	9	9	0	0	0	0	0	0	1071.json
1849	3,3,3	3,3,3	3,3,3	1,1,1	0,408,443	0,2,2	0,4,4	0,25,25	0,0,1	571.json
